3
13
16
24
45
47
57
100
109
114
129
150
153
169
178
182
186
197
212
232
245
251
270
277
300
301
306
309
310
311
318
318
320
341
344
349
351
359
360
363
364
365
374
390
396
435
440
449
487
491
494
505
512
523
534
569
593
599
607
632
634
642
646
656
661
665
688
712
713
724
726
730
753
771
772
777
788
797
805
808
809
809
812
817
819
825
847
850
869
873
880
886
910
924
924
938
942
948
950
960
978
984
984
1011
1011
1014
1016
1020
1021
1053
1054
1057
1065
1070
1072
1076
1082
1087
1087
1088
1093
1097
1109
1114
1118
1123
1147
1164
1188
1199
1228
1233
1245
1259
1265
1284
1293
1295
1304
1305
1310
1333
1344
1356
1359
1363
1382
1387
1417
1438
1444
1447
1460
1469
1476
1484
1502
1506
1511
1514
1526
1544
1551
1565
1568
1588
1591
1602
1606
1608
1608
1615
1632
1643
1644
1694
1707
1733
1742
1753
1764
1776
1791
1791
1800
1827
1837
1855
1858
1861
1882
1891
1902
1907
1930
1948
1950
1954
1963
1964
1974
1980
1989
1998
2023
2040
2043
2050
2066
2070
2077
2087
2092
2109
2111
2112
2115
2124
2143
2147
2149
2151
2155
2167
2189
2193
2205
2215
2234
2237
2239
2250
2256
2257
2287
2290
2299
2300
2301
2313
2314
2317
2319
2336
2338
2346
2348
2359
2362
2363
2376
2387
2415
2420
2454
2463
2484
2500
2508
2514
2515
2517
2537
2551
2552
2552
2556
2556
2562
2573
2575
2575
2579
2588
2593
2596
2607
2612
2625
2643
2647
2650
2673
2688
2699
2703
2719
2745
2750
2752
2787
2791
2799
2805
2824
2836
2856
2856
2873
2888
2898
2912
2928
2929
2935
2940
2954
2962
2962
2969
2973
2978
2978
2984
3016
3017
3047
3049
3054
3054
3057
3066
3076
3083
3103
3117
3117
3119
3130
3133
3139
3141
3164
3164
3165
3189
3207
3222
3231
3235
3235
3253
3284
3301
3309
3319
3342
3344
3351
3354
3356
3356
3375
3377
3377
3381
3385
3388
3391
3397
3399
3447
3448
3470
3476
3479
3496
3501
3502
3516
3519
3524
3534
3549
3559
3575
3578
3582
3592
3593
3593
3600
3625
3632
3654
3660
3665
3673
3683
3696
3700
3709
3714
3715
3719
3725
3731
3731
3738
3742
3744
3747
3750
3759
3763
3784
3787
3788
3789
3793
3801
3805
3809
3809
3812
3816
3823
3835
3863
3872
3880
3881
3881
3905
3910
3919
3921
3933
3949
3951
3955
3955
3956
3968
3986
3992
3993
4015
4020
4033
4042
4054
4063
4109
4113
4113
4115
4117
4117
4121
4125
4131
4153
4159
4208
4211
4211
4231
4242
4259
4273
4328
4352
4358
4377
4393
4393
4398
4413
4424
4435
4440
4442
4446
4475
4482
4507
4516
4524
4536
4537
4540
4543
4560
4564
4571
4571
4583
4595
4604
4643
4645
4648
4679
4711
4717
4734
4737
4747
4778
4803
4811
4816
4819
4823
4835
4836
4858
4866
4872
4885
4889
4890
4901
4908
4921
4921
4937
4963
4992
4993
4994
5006
5022
5033
5046
5096
5112
5118
5123
5128
5129
5133
5137
5139
5140
5146
5148
5156
5172
5173
5176
5187
5194
5203
5226
5240
5243
5250
5263
5293
5309
5319
5332
5333
5341
5348
5382
5391
5417
5429
5433
5448
5452
5453
5456
5460
5476
5498
5508
5514
5515
5522
5537
5544
5552
5560
5563
5568
5586
5617
5632
5658
5660
5670
5695
5702
5709
5731
5733
5742
5747
5758
5762
5775
5783
5784
5791
5797
5826
5837
5848
5852
5870
5871
5873
5881
5894
5900
5902
5918
5927
5937
5956
5961
5964
5969
5985
5998
6013
6027
6036
6043
6085
6106
6115
6123
6132
6143
6173
6180
6181
6189
6192
6193
6209
6212
6218
6247
6256
6260
6261
6277
6300
6307
6322
6332
6333
6336
6349
6352
6380
6400
6401
6402
6403
6437
6441
6444
6447
6456
6461
6464
6467
6491
6497
6499
6508
6533
6553
6597
6599
6603
6604
6614
6630
6633
6646
6660
6703
6719
6745
6748
6756
6761
6768
6776
6783
6789
6798
6799
6799
6808
6844
6884
6886
6887
6892
6925
6925
6929
6931
6935
6945
6959
6971
7003
7005
7030
7032
7043
7060
7062
7062
7062
7068
7072
7081
7092
7098
7106
7123
7137
7143
7143
7158
7164
7175
7178
7191
7197
7210
7210
7211
7212
7232
7236
7242
7242
7247
7248
7252
7261
7263
7265
7267
7268
7269
7283
7286
7290
7291
7299
7329
7335
7342
7344
7363
7364
7365
7370
7380
7384
7388
7392
7397
7406
7427
7432
7434
7449
7467
7486
7487
7491
7492
7493
7518
7528
7545
7548
7554
7575
7578
7583
7590
7608
7620
7626
7642
7668
7670
7678
7706
7730
7736
7738
7746
7751
7751
7760
7762
7772
7783
7801
7808
7819
7821
7826
7835
7854
7875
7919
7938
7948
7949
7976
7986
7990
8018
8034
8037
8041
8044
8053
8054
8095
8123
8123
8147
8157
8172
8178
8179
8194
8225
8230
8240
8262
8272
8275
8285
8294
8301
8302
8311
8311
8315
8323
8340
8340
8357
8373
8377
8387
8399
8409
8411
8413
8432
8437
8442
8442
8443
8487
8495
8523
8541
8548
8552
8581
8586
8593
8597
8615
8644
8659
8683
8683
8687
8716
8746
8749
8770
8781
8786
8787
8792
8805
8817
8820
8829
8829
8846
8850
8851
8855
8859
8885
8895
8901
8923
8924
8962
8989
9003
9036
9036
9043
9044
9054
9061
9069
9088
9091
9091
9102
9138
9145
9146
9149
9154
9181
9196
9201
9217
9226
9230
9243
9260
9261
9265
9270
9292
9317
9326
9332
9360
9360
9371
9386
9393
9415
9441
9456
9459
9473
9474
9494
9522
9526
9540
9564
9566
9572
9575
9580
9583
9593
9608
9614
9617
9621
9628
9630
9642
9648
9654
9715
9720
9724
9742
9747
9764
9764
9774
9790
9801
9803
9811
9811
9818
9844
9847
9880
9890
9903
9925
9933
9938
9939
9943
9957
9973
9980
9992
9995
10002
10012
10027
10057
10084
10092
10103
10129
10142
10168
10170
10182
10191
10209
10210
10216
10218
10228
10229
10235
10239
10244
10247
10252
10263
10268
10284
10288
10289
10295
10321
10324
10344
10346
10347
10349
10349
10350
10411
10412
10417
10441
10448
10450
10476
10500
10506
10521
10551
10559
10567
10573
10575
10594
10602
10611
10620
10627
10631
10632
10659
10661
10673
10686
10693
10695
10698
10704
10710
10712
10715
10716
10716
10728
10731
10734
10745
10748
10759
10761
10766
10778
10797
10803
10804
10827
10861
10876
10881
10896
10903
10905
10913
10924
10927
10941
10993
10994
10996
11011
11023
11025
11037
11040
11054
11057
11068
11070
11084
11089
11092
11099
11103
11104
11114
11142
11152
11160
11160
11161
11179
11182
11189
11202
11237
11240
11246
11250
11267
11278
11296
11298
11299
11300
11333
11337
11355
11366
11416
11436
11470
11471
11487
11492
11493
11494
11512
11534
11550
11557
11566
11570
11579
11601
11608
11621
11625
11639
11640
11656
11659
11662
11671
11686
11710
11724
11736
11739
11750
11754
11783
11792
11796
11809
11815
11822
11825
11827
11844
11856
11874
11878
11880
11892
11911
11923
11925
11927
11929
11935
11944
11946
11967
11979
11995
12000
12006
12012
12017
12027
12035
12041
12044
12082
12084
12086
12109
12114
12117
12117
12121
12128
12161
12175
12189
12193
12196
12198
12199
12201
12205
12210
12211
12226
12229
12235
12241
12254
12255
12259
12265
12268
12270
12271
12296
12308
12316
12320
12336
12338
12354
12368
12368
12384
12399
12412
12418
12420
12425
12434
12463
12464
12469
12478
12481
12482
12482
12499
12508
12530
12545
12548
12552
12561
12569
12588
12592
12594
12606
12606
12617
12626
12631
12632
12641
12643
12649
12652
12666
12681
12694
12708
12727
12729
12738
12761
12766
12769
12772
12773
12777
12780
12785
12789
12790
12792
12808
12828
12842
12853
12861
12870
12871
12873
12875
12887
12888
12896
12902
12905
12907
12908
12913
12927
12928
12944
12955
12956
12964
12979
12990
13002
13003
13006
13016
13017
13018
13019
13023
13036
13051
13076
13078
13088
13101
13109
13113
13119
13124
13134
13146
13151
13161
13170
13171
13177
13179
13181
13181
13196
13197
13208
13213
13218
13232
13236
13241
13241
13241
13243
13253
13255
13274
13292
13292
13294
13303
13319
13358
13363
13365
13367
13388
13411
13412
13414
13414
13418
13424
13444
13445
13448
13452
13475
13478
13502
13510
13512
13514
13522
13558
13568
13568
13578
13587
13610
13618
13631
13639
13656
13656
13658
13666
13667
13670
13680
13681
13690
13695
13701
13727
13739
13749
13752
13755
13756
13758
13767
13774
13779
13785
13786
13792
13799
13833
13843
13851
13857
13858
13859
13860
13863
13864
13864
13873
13890
13912
13915
13916
13923
13930
13936
13939
13940
13948
13953
13962
13968
13978
13978
14016
14024
14030
14053
14064
14080
14091
14097
14097
14099
14103
14113
14117
14131
14138
14162
14177
14180
14203
14205
14220
14226
14235
14245
14246
14255
14267
14268
14269
14270
14288
14290
14295
14298
14319
14319
14323
14360
14361
14367
14383
14410
14414
14440
14462
14462
14469
14480
14493
14505
14508
14513
14521
14525
14564
14565
14588
14589
14594
14628
14647
14668
14675
14677
14681
14683
14693
14698
14699
14708
14742
14747
14755
14765
14773
14775
14778
14784
14801
14813
14815
14850
14853
14858
14862
14882
14905
14920
14934
14935
14936
14937
14957
14966
14975
14981
14986
15009
15015
15017
15025
15042
15050
15061
15073
15074
15093
15096
15102
15104
15129
15134
15141
15148
15153
15166
15168
15168
15185
15186
15196
15215
15219
15225
15250
15255
15263
15268
15272
15273
15280
15288
15292
15314
15325
15333
15335
15337
15355
15358
15377
15407
15409
15427
15443
15448
15454
15456
15467
15468
15478
15481
15552
15575
15603
15644
15674
15678
15687
15695
15707
15712
15724
15734
15748
15753
15762
15762
15771
15771
15772
15785
15786
15787
15794
15795
15806
15820
15848
15851
15862
15863
15909
15910
15915
15916
15929
15932
15953
15959
15974
16008
16025
16026
16043
16048
16051
16074
16074
16101
16113
16116
16117
16119
16128
16139
16141
16161
16163
16182
16187
16229
16232
16235
16237
16249
16255
16262
16265
16267
16273
16299
16301
16306
16308
16315
16318
16325
16327
16333
16357
16358
16365
16380
16381
16390
16398
16398
16405
16413
16422
16436
16443
16462
16473
16475
16486
16488
16508
16524
16525
16528
16530
16536
16543
16556
16572
16594
16596
16597
16625
16642
16653
16675
16681
16690
16714
16727
16730
16732
16737
16762
16767
16769
16784
16799
16806
16816
16819
16821
16844
16848
16848
16867
16892
16892
16896
16903
16904
16905
16919
16948
16970
16976
16988
16999
17004
17010
17018
17046
17047
17051
17055
17068
17093
17118
17134
17137
17141
17158
17169
17170
17171
17177
17188
17195
17207
17211
17213
17215
17217
17225
17236
17281
17291
17293
17312
17324
17324
17335
17340
17349
17352
17364
17379
17379
17384
17401
17408
17409
17415
17417
17429
17430
17435
17439
17450
17456
17459
17464
17471
17472
17477
17492
17499
17505
17507
17527
17533
17546
17549
17554
17572
17581
17591
17597
17608
17613
17618
17631
17639
17644
17648
17656
17671
17681
17685
17689
17699
17704
17716
17721
17730
17766
17769
17778
17796
17802
17803
17807
17813
17818
17823
17827
17833
17833
17837
17854
17861
17867
17871
17884
17896
17906
17906
17916
17927
17934
17947
17948
17954
17955
17958
17985
18016
18019
18049
18049
18052
18058
18061
18079
18101
18125
18159
18166
18169
18176
18189
18195
18196
18214
18230
18231
18240
18253
18260
18277
18290
18291
18294
18296
18304
18304
18305
18307
18351
18370
18374
18388
18401
18422
18450
18450
18452
18459
18471
18475
18488
18507
18511
18517
18544
18549
18558
18585
18604
18620
18624
18625
18655
18661
18665
18666
18673
18678
18694
18712
18732
18734
18737
18764
18768
18779
18780
18792
18794
18805
18810
18820
18830
18831
18845
18847
18858
18880
18885
18885
18895
18915
18925
18932
18933
18939
18956
18984
18987
18988
19053
19056
19069
19075
19102
19104
19106
19111
19121
19129
19132
19150
19166
19167
19188
19198
19216
19227
19227
19231
19241
19250
19252
19271
19271
19277
19280
19289
19297
19304
19317
19321
19323
19333
19335
19343
19350
19359
19363
19367
19378
19382
19383
19402
19413
19413
19428
19430
19432
19448
19475
19511
19527
19541
19546
19577
19598
19600
19605
19606
19625
19632
19639
19645
19662
19672
19685
19686
19687
19707
19714
19722
19723
19740
19745
19765
19773
19776
19799
19801
19811
19811
19811
19814
19824
19825
19828
19835
19841
19841
19846
19847
19856
19856
19876
19879
19881
19884
19892
19906
19915
19926
19927
19936
19946
19963
19965
19965
19971
19973
19996
20012
20014
20028
20029
20030
20052
20060
20071
20081
20081
20081
20082
20095
20116
20118
20119
20119
20134
20144
20161
20174
20179
20183
20201
20215
20217
20231
20238
20250
20258
20261
20269
20272
20278
20305
20306
20307
20316
20321
20323
20325
20332
20337
20341
20349
20351
20396
20413
20420
20437
20448
20476
20483
20485
20499
20510
20514
20520
20522
20550
20564
20570
20578
20580
20587
20590
20614
20622
20624
20638
20650
20670
20673
20677
20679
20679
20690
20699
20709
20717
20731
20733
20737
20739
20739
20749
20786
20800
20801
20809
20819
20824
20827
20831
20841
20846
20852
20863
20878
20882
20922
20922
20931
20932
20938
20957
20959
20971
20975
20995
21012
21032
21037
21047
21052
21066
21066
21070
21071
21077
21079
21089
21103
21113
21123
21174
21177
21195
21196
21200
21206
21214
21215
21216
21238
21255
21271
21275
21290
21290
21292
21301
21313
21325
21335
21339
21343
21348
21351
21373
21377
21379
21392
21415
21415
21416
21445
21449
21469
21479
21483
21483
21488
21500
21509
21510
21515
21517
21539
21544
21554
21560
21564
21571
21572
21573
21589
21591
21596
21602
21603
21605
21622
21636
21646
21660
21671
21674
21678
21698
21709
21718
21721
21741
21775
21782
21806
21810
21832
21845
21845
21885
21886
21896
21903
21916
21919
21922
21931
21932
21950
21956
21979
21985
21988
21999
22046
22051
22056
22088
22091
22113
22117
22118
22123
22126
22134
22135
22145
22152
22157
22159
22159
22166
22182
22203
22206
22214
22269
22306
22318
22327
22365
22371
22381
22403
22405
22419
22442
22442
22460
22462
22473
22474
22477
22502
22526
22532
22558
22612
22617
22620
22630
22637
22644
22648
22653
22658
22663
22683
22688
22689
22695
22709
22712
22716
22717
22731
22749
22760
22784
22785
22795
22797
22801
22811
22819
22827
22829
22832
22838
22839
22841
22849
22850
22854
22862
22862
22869
22890
22894
22896
22896
22904
22918
22933
22936
22963
22969
22971
22981
22992
23003
23003
23015
23018
23029
23032
23043
23089
23101
23106
23117
23138
23141
23149
23149
23163
23179
23184
23201
23216
23219
23240
23281
23295
23299
23304
23307
23322
23326
23343
23382
23393
23418
23427
23464
23524
23528
23561
23589
23616
23631
23643
23675
23698
23711
23736
23738
23776
23790
23799
23813
23846
23847
23848
23849
23862
23868
23897
23908
23913
23966
23966
23966
23969
23977
24015
24029
24035
24040
24080
24084
24090
24093
24094
24101
24103
24122
24143
24153
24160
24166
24174
24176
24187
24190
24203
24204
24206
24216
24237
24239
24244
24253
24262
24266
24279
24293
24306
24307
24338
24351
24353
24377
24389
24391
24437
24439
24447
24469
24470
24478
24491
24504
24517
24522
24522
24553
24576
24576
24577
24583
24587
24591
24591
24602
24607
24628
24633
24639
24640
24664
24685
24691
24729
24740
24744
24747
24761
24770
24773
24776
24780
24781
24787
24808
24833
24834
24861
24863
24878
24892
24894
24901
24904
24904
24914
24931
24936
24938
24949
24983
24991
24992
24994
25031
25083
25095
25106
25113
25126
25130
25133
25148
25162
25174
25194
25207
25211
25213
25218
25228
25229
25246
25249
25264
25265
25267
25306
25306
25318
25321
25323
25324
25339
25364
25373
25391
25397
25397
25397
25418
25448
25448
25451
25465
25483
25486
25499
25507
25509
25526
25531
25537
25538
25539
25543
25551
25558
25560
25563
25593
25598
25600
25603
25626
25634
25639
25648
25653
25670
25696
25698
25706
25716
25721
25723
25734
25735
25736
25738
25772
25773
25783
25789
25808
25821
25835
25838
25841
25842
25845
25848
25849
25858
25858
25861
25863
25868
25908
25920
25921
25923
25925
25939
25941
25951
25992
26017
26019
26020
26021
26066
26074
26094
26097
26102
26106
26108
26114
26125
26133
26143
26144
26147
26154
26157
26195
26197
26201
26217
26241
26257
26259
26271
26285
26297
26304
26306
26316
26328
26329
26362
26363
26385
26397
26405
26409
26411
26421
26443
26444
26448
26458
26460
26467
26475
26483
26489
26503
26508
26511
26521
26527
26529
26529
26540
26544
26553
26555
26556
26562
26574
26576
26598
26600
26609
26616
26619
26630
26638
26652
26654
26655
26655
26669
26674
26734
26755
26761
26766
26775
26787
26796
26797
26807
26808
26852
26853
26865
26875
26876
26883
26900
26907
26907
26908
26939
26947
26948
26955
26964
27023
27055
27076
27080
27080
27102
27109
27111
27119
27121
27131
27133
27135
27135
27141
27144
27156
27169
27181
27187
27189
27217
27217
27223
27224
27225
27225
27242
27252
27256
27260
27270
27272
27306
27310
27330
27363
27363
27376
27382
27395
27398
27413
27426
27427
27439
27439
27442
27451
27465
27475
27477
27488
27489
27509
27515
27519
27524
27525
27529
27532
27554
27601
27624
27627
27637
27645
27648
27652
27673
27684
27687
27702
27704
27718
27736
27736
27745
27785
27786
27793
27803
27808
27822
27822
27832
27834
27837
27849
27859
27860
27866
27887
27890
27892
27901
27948
27972
27986
27989
28018
28023
28023
28031
28040
28046
28053
28067
28073
28103
28107
28107
28127
28131
28132
28138
28143
28151
28173
28175
28200
28200
28204
28206
28216
28227
28229
28234
28238
28246
28260
28270
28280
28289
28297
28305
28310
28315
28333
28337
28341
28349
28360
28388
28399
28402
28404
28409
28412
28426
28429
28431
28460
28460
28463
28467
28472
28476
28481
28485
28492
28522
28543
28556
28561
28568
28577
28583
28592
28605
28606
28633
28643
28653
28663
28670
28671
28693
28696
28701
28722
28730
28732
28744
28749
28752
28773
28774
28778
28784
28800
28812
28813
28821
28826
28844
28845
28845
28856
28858
28861
28864
28865
28905
28909
28925
28926
28940
28958
28977
29000
29018
29030
29034
29036
29039
29042
29066
29067
29070
29101
29142
29153
29159
29188
29192
29201
29202
29203
29227
29251
29254
29256
29260
29266
29275
29279
29286
29294
29296
29321
29329
29372
29372
29382
29384
29399
29400
29410
29416
29419
29433
29439
29450
29459
29468
29476
29500
29505
29507
29525
29534
29588
29602
29614
29621
29623
29629
29640
29640
29646
29647
29669
29678
29684
29695
29700
29701
29717
29718
29732
29736
29739
29759
29760
29777
29784
29806
29811
29822
29833
29840
29886
29894
29905
29905
29912
29913
29947
29949
29949
29950
29954
29957
29963
29964
29969
29971
29980
29987
29989
29992
30036
30052
30069
30077
30079
30087
30095
30117
30125
30128
30173
30196
30208
30217
30229
30231
30242
30245
30256
30257
30259
30311
30324
30339
30353
30357
30387
30389
30408
30413
30416
30420
30423
30438
30444
30456
30482
30486
30491
30513
30518
30534
30534
30536
30546
30567
30582
30582
30604
30609
30629
30631
30639
30646
30649
30651
30653
30654
30654
30656
30665
30666
30676
30679
30696
30707
30708
30715
30731
30765
30768
30775
30777
30795
30809
30811
30813
30813
30827
30834
30845
30853
30864
30888
30890
30899
30904
30922
30926
30936
30940
30940
30945
30970
30993
31004
31010
31015
31017
31039
31040
31043
31047
31052
31055
31056
31057
31072
31080
31087
31102
31114
31115
31121
31131
31133
31142
31144
31180
31188
31193
31206
31208
31211
31211
31215
31253
31261
31263
31264
31308
31319
31333
31335
31370
31411
31418
31421
31436
31443
31476
31484
31507
31510
31514
31523
31526
31531
31532
31535
31546
31577
31590
31608
31613
31621
31623
31646
31675
31703
31704
31720
31749
31753
31763
31787
31806
31820
31824
31830
31834
31837
31840
31847
31847
31849
31854
31854
31857
31858
31872
31878
31881
31901
31918
31919
31929
31944
31944
31948
31965
31976
31984
32005
32011
32014
32015
32016
32028
32029
32043
32050
32052
32065
32070
32087
32098
32119
32133
32145
32161
32170
32189
32190
32197
32232
32242
32254
32270
32270
32284
32289
32294
32314
32337
32338
32345
32355
32403
32411
32421
32426
32430
32436
32438
32474
32488
32494
32495
32499
32499
32504
32508
32528
32538
32543
32550
32566
32567
32583
32591
32593
32599
32600
32637
32664
32664
32665
32691
32697
32730
32759
32783
32799
32816
32817
32822
32823
32831
32837
32844
32854
32856
32865
32902
32902
32923
32930
32955
32972
32976
32977
32982
32989
32995
32998
32999
33023
33024
33044
33054
33084
33115
33118
33118
33123
33129
33137
33137
33138
33141
33142
33142
33162
33163
33177
33180
33182
33186
33218
33226
33227
33231
33235
33239
33271
33272
33293
33293
33318
33347
33369
33373
33376
33384
33387
33392
33410
33415
33432
33434
33454
33465
33466
33468
33478
33486
33506
33511
33512
33532
33547
33549
33558
33562
33566
33589
33598
33611
33625
33649
33649
33677
33677
33703
33705
33713
33720
33751
33754
33772
33774
33785
33799
33802
33803
33837
33843
33844
33855
33878
33880
33884
33911
33920
33933
33937
33942
33971
33981
33987
33996
33997
34003
34028
34055
34080
34090
34099
34123
34133
34137
34144
34151
34153
34159
34166
34192
34195
34199
34247
34275
34289
34293
34309
34310
34321
34332
34339
34344
34350
34362
34376
34381
34389
34411
34415
34418
34419
34431
34435
34435
34438
34441
34444
34448
34456
34464
34480
34481
34486
34494
34498
34504
34516
34518
34522
34523
34573
34573
34574
34585
34590
34591
34601
34611
34618
34618
34626
34641
34646
34665
34665
34671
34672
34675
34676
34688
34697
34709
34719
34726
34740
34744
34748
34754
34765
34770
34783
34786
34792
34810
34810
34827
34831
34833
34836
34847
34858
34929
34948
34982
34993
35032
35041
35069
35085
35098
35105
35113
35116
35130
35147
35150
35152
35153
35154
35157
35203
35219
35229
35236
35240
35255
35269
35289
35308
35312
35325
35347
35353
35355
35363
35371
35372
35394
35406
35407
35418
35453
35471
35483
35488
35508
35515
35524
35528
35539
35551
35641
35665
35695
35703
35707
35733
35738
35751
35751
35768
35786
35790
35792
35822
35846
35848
35850
35850
35859
35885
35892
35896
35903
35910
35911
35918
35919
35928
35930
35942
35946
35948
35962
35977
35990
36005
36019
36057
36060
36086
36093
36093
36107
36122
36152
36160
36163
36189
36191
36223
36225
36232
36233
36238
36244
36282
36307
36341
36354
36358
36366
36417
36453
36469
36471
36471
36479
36484
36486
36505
36510
36537
36542
36550
36553
36560
36586
36596
36611
36612
36614
36659
36661
36664
36677
36682
36693
36693
36694
36705
36713
36740
36747
36756
36777
36794
36816
36830
36835
36835
36855
36862
36864
36871
36901
36916
36934
36945
36955
36969
36998
37008
37013
37018
37021
37036
37044
37044
37054
37059
37061
37072
37078
37084
37097
37102
37114
37132
37139
37148
37151
37157
37163
37197
37200
37207
37211
37219
37231
37234
37236
37244
37257
37268
37270
37273
37295
37312
37325
37331
37340
37365
37373
37398
37401
37410
37410
37413
37413
37427
37435
37444
37448
37463
37468
37472
37477
37495
37495
37504
37512
37521
37530
37541
37543
37543
37546
37548
37556
37564
37574
37581
37588
37596
37605
37626
37637
37640
37645
37671
37681
37691
37708
37711
37712
37712
37719
37732
37738
37742
37746
37753
37794
37810
37825
37850
37855
37865
37868
37871
37874
37903
37918
37947
37950
37950
37961
37968
37968
37969
37973
38002
38004
38012
38016
38038
38040
38046
38048
38067
38070
38084
38117
38123
38164
38167
38193
38201
38202
38224
38226
38228
38251
38266
38305
38318
38328
38334
38356
38397
38397
38398
38400
38407
38418
38427
38428
38432
38432
38435
38448
38451
38462
38493
38507
38508
38509
38511
38520
38568
38581
38593
38598
38599
38605
38611
38611
38618
38622
38659
38677
38687
38687
38699
38709
38723
38730
38738
38740
38751
38753
38760
38778
38790
38791
38793
38793
38812
38875
38905
38941
38944
38958
38965
38979
38985
38985
38999
39003
39004
39004
39014
39019
39020
39049
39069
39080
39091
39101
39122
39129
39130
39153
39167
39188
39199
39222
39230
39248
39259
39266
39267
39296
39310
39313
39326
39347
39358
39371
39372
39375
39392
39408
39424
39431
39468
39469
39475
39476
39477
39483
39495
39499
39505
39512
39518
39526
39534
39535
39556
39556
39557
39559
39563
39568
39581
39604
39608
39612
39621
39640
39641
39649
39667
39695
39708
39714
39727
39734
39745
39748
39766
39771
39772
39784
39802
39805
39805
39805
39813
39822
39836
39846
39864
39872
39895
39896
39907
39916
39917
39921
39925
39940
39954
39969
39971
39980
40004
40006
40013
40019
40031
40042
40043
40047
40058
40060
40065
40073
40086
40094
40102
40103
40129
40143
40153
40160
40167
40169
40182
40188
40227
40229
40229
40239
40272
40297
40304
40313
40324
40335
40337
40347
40363
40386
40395
40406
40415
40473
40473
40479
40487
40490
40496
40498
40507
40513
40515
40536
40540
40541
40569
40577
40591
40600
40603
40609
40613
40616
40618
40622
40638
40639
40645
40681
40682
40703
40709
40729
40732
40733
40763
40770
40775
40778
40778
40779
40795
40806
40807
40820
40829
40837
40844
40849
40850
40872
40921
40922
40927
40930
40934
40947
40954
40972
40993
41019
41022
41078
41080
41096
41122
41134
41138
41144
41149
41150
41163
41175
41188
41199
41204
41212
41217
41225
41235
41235
41248
41253
41259
41279
41284
41301
41332
41339
41380
41388
41398
41405
41407
41409
41410
41413
41416
41426
41433
41441
41469
41471
41483
41487
41495
41497
41505
41519
41523
41535
41545
41551
41566
41575
41575
41584
41586
41621
41628
41636
41663
41676
41682
41690
41692
41710
41735
41746
41749
41768
41784
41795
41816
41822
41830
41859
41861
41874
41883
41896
41903
41961
41974
41980
41992
41995
41997
42001
42003
42027
42029
42059
42060
42065
42084
42092
42099
42109
42124
42127
42127
42160
42165
42174
42195
42198
42206
42210
42234
42250
42262
42265
42283
42288
42289
42310
42312
42317
42321
42326
42334
42337
42348
42349
42355
42364
42387
42400
42415
42418
42451
42455
42461
42462
42469
42491
42494
42507
42513
42515
42516
42520
42541
42569
42573
42579
42588
42604
42615
42619
42622
42625
42625
42636
42666
42682
42686
42710
42715
42720
42736
42738
42748
42782
42789
42795
42806
42811
42812
42816
42824
42825
42829
42855
42855
42857
42879
42903
42906
42923
42930
42956
42963
42963
42969
42972
42975
43003
43013
43016
43017
43027
43047
43057
43069
43074
43083
43087
43102
43106
43113
43139
43145
43146
43150
43171
43178
43186
43191
43208
43219
43236
43236
43237
43268
43270
43286
43288
43293
43295
43296
43304
43306
43368
43370
43377
43398
43413
43424
43460
43460
43462
43467
43467
43467
43471
43476
43489
43508
43516
43525
43544
43552
43557
43559
43560
43572
43596
43611
43636
43648
43667
43671
43672
43684
43685
43701
43721
43724
43726
43735
43762
43766
43769
43786
43800
43800
43802
43803
43804
43821
43848
43872
43892
43895
43930
43931
43949
43958
43962
43963
43967
43969
43978
43985
43997
44001
44006
44010
44017
44024
44033
44068
44072
44073
44081
44104
44107
44111
44124
44153
44158
44159
44185
44193
44197
44199
44208
44224
44247
44269
44272
44288
44288
44298
44305
44305
44311
44329
44344
44356
44359
44377
44383
44391
44393
44399
44400
44402
44409
44411
44426
44438
44455
44461
44479
44502
44521
44537
44549
44563
44580
44608
44614
44622
44625
44682
44686
44704
44710
44742
44743
44746
44748
44750
44756
44789
44795
44824
44846
44851
44869
44876
44879
44888
44899
44901
44915
44915
44918
44919
44924
44935
44951
44952
44957
44965
44993
44999
45007
45011
45020
45030
45031
45045
45077
45084
45088
45096
45111
45114
45114
45121
45126
45128
45131
45135
45140
45141
45169
45179
45180
45184
45213
45221
45222
45231
45233
45243
45248
45255
45275
45276
45282
45289
45289
45300
45310
45321
45326
45334
45350
45351
45354
45355
45368
45368
45416
45428
45435
45436
45443
45445
45469
45477
45484
45491
45497
45510
45540
45553
45577
45579
45585
45587
45589
45591
45605
45611
45617
45656
45659
45665
45666
45670
45680
45687
45688
45696
45710
45734
45740
45742
45754
45771
45776
45777
45800
45800
45803
45810
45827
45846
45851
45858
45862
45863
45909
45916
45922
45938
45938
45940
45944
45952
45961
45965
45974
46002
46009
46014
46020
46034
46048
46051
46054
46075
46087
46089
46094
46103
46114
46127
46130
46132
46145
46148
46148
46149
46154
46155
46185
46195
46197
46217
46221
46236
46255
46256
46264
46293
46293
46326
46335
46352
46382
46398
46400
46414
46419
46426
46433
46446
46457
46463
46475
46475
46482
46504
46511
46513
46517
46520
46555
46634
46658
46661
46663
46680
46695
46709
46711
46711
46719
46729
46754
46788
46807
46813
46819
46849
46859
46878
46880
46889
46898
46898
46909
46914
46919
46921
46927
46930
46932
46939
46940
46942
46944
46947
46962
46968
46978
46984
46995
47011
47021
47029
47083
47120
47120
47131
47144
47154
47157
47168
47171
47171
47179
47206
47218
47219
47224
47235
47244
47245
47251
47254
47274
47296
47311
47327
47328
47331
47350
47358
47371
47372
47390
47392
47404
47412
47418
47423
47433
47471
47473
47481
47516
47525
47525
47543
47550
47555
47557
47573
47589
47604
47615
47616
47622
47650
47654
47677
47687
47699
47718
47718
47724
47725
47730
47732
47735
47741
47777
47809
47811
47818
47869
47872
47873
47873
47877
47890
47902
47906
47908
47911
47935
47946
47960
47968
47975
47978
47994
48009
48013
48022
48023
48035
48047
48070
48077
48095
48105
48111
48111
48127
48128
48134
48138
48150
48154
48154
48167
48182
48185
48189
48202
48208
48212
48212
48213
48214
48222
48223
48234
48242
48248
48266
48266
48271
48287
48290
48295
48329
48335
48340
48342
48353
48355
48366
48387
48400
48415
48436
48443
48484
48488
48498
48500
48515
48523
48550
48577
48582
48589
48598
48610
48614
48614
48634
48644
48644
48658
48658
48658
48659
48677
48698
48700
48709
48711
48713
48715
48741
48746
48754
48760
48774
48778
48803
48806
48811
48822
48833
48838
48845
48848
48856
48857
48858
48870
48871
48874
48893
48902
48905
48905
48906
48907
48909
48918
48918
48922
48930
48944
48946
48955
48957
48962
48983
48984
48999
49000
49000
49006
49011
49017
49023
49024
49026
49028
49033
49054
49089
49091
49100
49107
49120
49143
49145
49150
49153
49155
49158
49169
49194
49196
49202
49203
49217
49217
49220
49228
49232
49239
49263
49272
49288
49308
49313
49315
49323
49325
49341
49344
49351
49387
49409
49411
49412
49414
49415
49422
49434
49441
49445
49449
49465
49466
49487
49492
49493
49499
49506
49526
49533
49534
49547
49556
49558
49571
49576
49583
49587
49595
49601
49614
49623
49638
49640
49655
49661
49669
49697
49711
49728
49729
49743
49772
49788
49795
49795
49815
49817
49843
49855
49865
49867
49877
49882
49891
49894
49928
49935
49943
49948
49951
49955
49971
49988
50034
50042
50067
50074
50097
50101
50102
50117
50121
50138
50142
50147
50153
50164
50169
50183
50193
50194
50213
50219
50226
50229
50231
50235
50237
50252
50311
50324
50330
50333
50343
50343
50363
50364
50381
50391
50394
50400
50409
50450
50456
50456
50472
50486
50524
50535
50570
50584
50599
50607
50614
50661
50677
50704
50710
50727
50735
50739
50750
50759
50780
50784
50790
50796
50797
50798
50801
50802
50818
50832
50845
50850
50864
50879
50900
50924
50950
50960
50962
50968
50970
50971
50993
51018
51040
51050
51054
51068
51084
51107
51139
51139
51140
51142
51150
51159
51165
51176
51183
51191
51204
51206
51246
51277
51291
51308
51311
51318
51333
51341
51347
51370
51373
51397
51399
51405
51414
51432
51436
51441
51442
51456
51485
51500
51502
51514
51516
51538
51541
51541
51543
51553
51579
51584
51593
51614
51626
51632
51632
51659
51668
51668
51679
51679
51684
51687
51689
51731
51744
51750
51777
51791
51821
51822
51833
51857
51885
51902
51903
51914
51922
51924
51933
51940
51944
51974
51979
51987
51994
51998
52007
52011
52017
52017
52031
52047
52049
52052
52053
52055
52058
52060
52077
52086
52095
52096
52096
52112
52127
52140
52149
52188
52189
52206
52234
52234
52239
52266
52269
52272
52278
52290
52303
52315
52329
52343
52345
52353
52361
52361
52370
52383
52387
52388
52408
52431
52449
52465
52467
52498
52503
52519
52523
52527
52554
52558
52561
52565
52569
52570
52573
52574
52596
52597
52606
52611
52612
52616
52623
52624
52626
52632
52634
52644
52655
52678
52704
52716
52722
52725
52740
52753
52769
52769
52775
52777
52781
52798
52802
52802
52814
52814
52821
52821
52829
52843
52874
52901
52925
52929
52959
52966
52971
52986
53011
53030
53053
53057
53065
53095
53101
53110
53122
53132
53134
53135
53149
53171
53173
53173
53177
53214
53244
53248
53290
53292
53309
53323
53332
53335
53339
53339
53340
53351
53359
53401
53420
53438
53445
53452
53456
53465
53481
53490
53498
53508
53509
53509
53511
53521
53524
53535
53538
53548
53550
53561
53571
53592
53596
53600
53609
53624
53625
53626
53634
53658
53702
53713
53715
53718
53719
53728
53732
53772
53779
53780
53780
53798
53798
53804
53809
53810
53811
53844
53855
53867
53874
53891
53895
53897
53898
53901
53902
53914
53918
53926
53935
53937
53942
53942
53949
53965
53978
53985
53996
54013
54028
54044
54053
54057
54092
54107
54130
54138
54163
54168
54181
54184
54190
54197
54203
54209
54213
54213
54213
54213
54234
54237
54248
54262
54263
54282
54308
54309
54310
54317
54331
54340
54344
54347
54350
54362
54367
54379
54381
54383
54398
54418
54426
54432
54438
54444
54456
54459
54463
54474
54488
54503
54518
54554
54559
54562
54564
54566
54582
54591
54600
54606
54608
54618
54618
54620
54630
54638
54643
54645
54660
54680
54722
54743
54746
54746
54755
54758
54769
54780
54780
54784
54792
54797
54800
54808
54812
54823
54824
54851
54855
54856
54889
54899
54901
54901
54903
54917
54924
54924
54926
54957
54962
54967
54971
54982
54989
54990
54998
55001
55003
55011
55021
55023
55024
55024
55051
55064
55076
55077
55077
55080
55085
55086
55088
55104
55111
55115
55118
55129
55144
55147
55149
55173
55192
55200
55203
55208
55219
55239
55273
55290
55317
55323
55327
55357
55370
55381
55404
55426
55433
55454
55464
55472
55498
55501
55502
55527
55547
55550
55575
55603
55608
55631
55639
55642
55660
55673
55692
55698
55701
55725
55749
55771
55772
55772
55778
55779
55790
55819
55819
55853
55856
55863
55863
55864
55871
55872
55874
55883
55888
55890
55904
55907
55919
55922
55929
55937
55944
55948
55959
55973
55995
56017
56037
56042
56052
56055
56066
56072
56080
56101
56102
56109
56128
56136
56140
56154
56176
56190
56198
56208
56211
56213
56221
56237
56244
56247
56250
56262
56265
56279
56301
56305
56305
56339
56346
56349
56351
56351
56356
56372
56390
56404
56419
56430
56435
56438
56456
56500
56502
56513
56516
56520
56551
56553
56555
56583
56586
56589
56605
56605
56626
56627
56646
56682
56684
56695
56695
56700
56706
56714
56735
56747
56753
56759
56765
56767
56778
56792
56795
56796
56810
56829
56836
56847
56855
56858
56872
56875
56892
56907
56912
56948
56949
56957
56970
56979
56985
56999
57010
57033
57037
57039
57040
57041
57044
57049
57054
57075
57087
57096
57108
57112
57120
57130
57134
57140
57164
57170
57170
57191
57194
57196
57221
57227
57234
57236
57248
57254
57272
57278
57285
57294
57305
57315
57319
57322
57324
57333
57340
57344
57351
57354
57362
57363
57379
57399
57413
57413
57419
57422
57424
57424
57433
57447
57456
57458
57464
57470
57484
57490
57529
57531
57536
57539
57557
57581
57627
57628
57681
57692
57694
57701
57732
57755
57757
57784
57785
57790
57792
57812
57812
57821
57843
57855
57875
57879
57881
57887
57908
57908
57911
57918
57932
57949
57972
57980
57980
57983
57984
57992
58001
58004
58031
58058
58069
58072
58080
58081
58098
58102
58106
58112
58134
58178
58186
58189
58190
58194
58201
58214
58216
58230
58232
58242
58244
58247
58252
58260
58280
58302
58315
58327
58338
58340
58352
58355
58367
58377
58394
58394
58397
58412
58413
58430
58431
58431
58440
58449
58457
58476
58486
58554
58556
58562
58570
58570
58575
58602
58606
58610
58616
58629
58655
58668
58682
58686
58690
58721
58732
58748
58751
58758
58770
58785
58825
58867
58869
58882
58888
58910
58917
58938
58969
58996
59006
59035
59045
59059
59066
59068
59080
59082
59083
59089
59091
59116
59119
59129
59132
59133
59135
59143
59160
59187
59188
59193
59212
59220
59225
59240
59267
59275
59278
59280
59290
59294
59306
59309
59316
59323
59323
59351
59370
59378
59388
59405
59416
59425
59429
59431
59433
59433
59435
59443
59447
59454
59464
59469
59487
59500
59527
59540
59550
59559
59574
59588
59593
59595
59599
59608
59616
59617
59629
59634
59638
59638
59641
59641
59647
59653
59670
59678
59680
59686
59686
59690
59697
59699
59705
59705
59710
59717
59733
59750
59765
59792
59813
59822
59833
59846
59848
59851
59863
59875
59879
59883
59894
59897
59906
59906
59912
59918
59945
59960
59974
59990
59992
60020
60051
60072
60088
60092
60094
60144
60150
60151
60167
60198
60227
60229
60232
60238
60257
60279
60282
60289
60306
60309
60313
60332
60334
60362
60368
60369
60380
60394
60403
60420
60442
60475
60475
60478
60485
60491
60516
60518
60542
60574
60575
60606
60615
60629
60636
60661
60661
60662
60664
60682
60687
60693
60705
60708
60710
60736
60739
60747
60753
60761
60766
60767
60780
60791
60810
60820
60822
60829
60845
60860
60874
60880
60894
60934
60936
60937
60948
60957
60965
60965
60967
60979
60983
60994
60997
60998
61012
61023
61037
61039
61045
61046
61057
61059
61061
61062
61071
61073
61075
61076
61081
61082
61099
61106
61111
61119
61125
61134
61135
61137
61138
61151
61155
61176
61177
61188
61213
61232
61251
61253
61263
61278
61289
61304
61333
61345
61366
61373
61384
61384
61395
61408
61415
61424
61434
61437
61449
61450
61456
61496
61511
61513
61516
61524
61535
61551
61571
61585
61608
61611
61612
61626
61670
61672
61684
61702
61704
61736
61751
61758
61758
61775
61777
61782
61808
61814
61825
61841
61850
61851
61852
61852
61861
61877
61879
61880
61889
61890
61892
61896
61902
61907
61918
61920
61931
61948
61951
61963
61968
61977
62004
62013
62018
62054
62057
62060
62062
62069
62078
62078
62084
62088
62104
62105
62124
62133
62135
62138
62139
62140
62151
62156
62157
62161
62175
62178
62180
62190
62210
62217
62218
62224
62247
62262
62280
62303
62314
62332
62346
62347
62347
62349
62352
62355
62379
62410
62412
62415
62420
62432
62441
62470
62484
62485
62506
62512
62540
62547
62550
62559
62561
62562
62570
62571
62571
62596
62600
62600
62613
62636
62641
62644
62650
62652
62664
62667
62674
62691
62691
62696
62700
62715
62780
62790
62791
62793
62836
62842
62858
62878
62878
62891
62898
62912
62940
62952
62971
62974
62978
63002
63012
63016
63067
63069
63079
63080
63081
63083
63119
63128
63131
63138
63138
63140
63146
63154
63161
63171
63173
63173
63179
63182
63195
63203
63207
63225
63225
63241
63277
63310
63330
63340
63356
63364
63370
63394
63412
63427
63434
63447
63457
63459
63460
63475
63478
63488
63490
63498
63500
63505
63522
63548
63570
63592
63592
63594
63602
63605
63624
63664
63696
63710
63712
63725
63751
63753
63761
63772
63785
63797
63836
63850
63857
63858
63873
63874
63880
63890
63902
63906
63916
63917
63922
63932
63934
63949
63953
63959
63976
63980
64005
64006
64009
64020
64023
64023
64028
64032
64041
64042
64088
64102
64117
64117
64120
64121
64130
64142
64168
64172
64189
64195
64199
64201
64206
64241
64268
64283
64289
64295
64295
64298
64301
64310
64345
64346
64361
64401
64410
64414
64421
64429
64433
64448
64448
64451
64452
64464
64466
64475
64498
64500
64501
64526
64544
64551
64551
64554
64558
64568
64568
64580
64585
64605
64613
64627
64627
64632
64638
64642
64667
64675
64680
64686
64703
64718
64721
64735
64783
64800
64800
64800
64812
64813
64825
64825
64825
64844
64847
64859
64867
64869
64873
64889
64892
64895
64898
64899
64907
64925
65000
65006
65016
65035
65039
65042
65056
65090
65110
65136
65140
65143
65174
65192
65196
65197
65209
65213
65218
65227
65236
65249
65262
65268
65268
65272
65290
65296
65346
65347
65359
65367
65373
65378
65390
65400
65402
65418
65442
65456
65457
65458
65469
65469
65482
65503
65505
65536
65537
65560
65568
65570
65581
65585
65589
65594
65600
65638
65687
65690
65690
65703
65720
65728
65732
65736
65740
65751
65755
65766
65768
65772
65777
65790
65808
65812
65840
65841
65845
65853
65867
65878
65880
65884
65885
65903
65905
65914
65917
65943
65962
65963
65967
65970
65971
65987
65997
66014
66031
66033
66037
66055
66058
66067
66085
66085
66087
66133
66140
66152
66155
66157
66196
66210
66213
66223
66261
66279
66282
66323
66323
66334
66342
66350
66375
66402
66414
66430
66436
66437
66443
66459
66477
66491
66501
66501
66512
66512
66513
66528
66541
66546
66547
66548
66569
66576
66581
66596
66600
66602
66606
66608
66613
66657
66675
66675
66679
66695
66700
66700
66710
66711
66716
66727
66732
66733
66740
66747
66749
66802
66803
66844
66845
66850
66862
66907
66922
66928
66935
66970
66974
66978
66990
66992
67013
67019
67034
67058
67104
67105
67130
67130
67133
67146
67167
67176
67179
67189
67191
67192
67193
67193
67198
67207
67210
67230
67230
67244
67257
67262
67262
67277
67291
67298
67321
67332
67342
67344
67350
67368
67370
67377
67386
67386
67386
67394
67404
67412
67412
67416
67432
67442
67478
67484
67504
67513
67514
67527
67528
67534
67543
67544
67545
67550
67551
67556
67568
67569
67588
67594
67614
67623
67625
67638
67649
67668
67671
67673
67679
67692
67702
67745
67756
67762
67766
67767
67787
67790
67792
67798
67798
67800
67806
67812
67822
67824
67828
67831
67834
67876
67880
67887
67894
67894
67897
67923
67928
67934
67954
67959
67963
67972
67991
67994
67999
68007
68007
68010
68016
68019
68021
68091
68128
68142
68144
68146
68147
68156
68157
68157
68158
68161
68173
68173
68183
68193
68194
68195
68195
68195
68197
68214
68217
68242
68244
68245
68248
68259
68262
68277
68293
68302
68304
68312
68324
68331
68342
68363
68368
68381
68440
68446
68451
68456
68460
68477
68491
68496
68498
68509
68511
68514
68520
68525
68527
68529
68533
68556
68578
68596
68602
68609
68611
68616
68621
68624
68624
68625
68630
68631
68631
68637
68641
68642
68657
68670
68677
68682
68698
68700
68705
68705
68718
68721
68721
68736
68739
68742
68751
68762
68767
68776
68778
68780
68797
68804
68807
68807
68812
68814
68817
68829
68835
68850
68863
68869
68871
68883
68884
68889
68891
68902
68910
68914
68916
68931
68933
68937
68938
68968
68988
68995
68996
69008
69009
69011
69017
69030
69040
69058
69058
69073
69078
69088
69094
69103
69138
69145
69172
69177
69201
69210
69220
69225
69237
69244
69256
69268
69269
69274
69281
69288
69314
69321
69328
69334
69341
69357
69374
69375
69375
69385
69417
69424
69438
69440
69453
69463
69463
69470
69472
69478
69480
69483
69485
69493
69525
69534
69540
69554
69558
69560
69567
69577
69598
69603
69609
69614
69615
69616
69650
69656
69659
69665
69665
69667
69672
69676
69677
69689
69702
69708
69711
69715
69715
69716
69717
69728
69737
69757
69783
69783
69784
69793
69813
69830
69837
69861
69864
69872
69895
69897
69909
69918
69925
69936
69949
69954
69966
69972
69986
69989
69997
70000
70017
70020
70025
70032
70032
70062
70064
70071
70076
70076
70107
70111
70123
70123
70124
70160
70162
70164
70164
70195
70232
70236
70274
70298
70325
70353
70355
70403
70404
70405
70406
70438
70441
70450
70452
70459
70462
70475
70485
70488
70525
70525
70539
70544
70559
70559
70568
70569
70590
70597
70622
70639
70644
70648
70664
70677
70699
70726
70728
70734
70774
70774
70775
70799
70814
70816
70818
70839
70843
70883
70890
70895
70911
70919
70922
70924
70933
70956
70960
70962
70975
70992
70996
71021
71028
71039
71043
71057
71076
71082
71095
71118
71128
71133
71134
71137
71140
71141
71150
71156
71157
71185
71190
71203
71211
71211
71215
71258
71283
71292
71296
71298
71302
71306
71310
71315
71315
71323
71351
71356
71376
71380
71389
71391
71418
71434
71442
71446
71449
71452
71454
71458
71459
71463
71464
71471
71482
71496
71510
71533
71537
71551
71572
71574
71579
71580
71589
71593
71603
71604
71617
71621
71626
71633
71651
71658
71688
71722
71723
71733
71739
71739
71742
71751
71760
71764
71770
71799
71821
71829
71841
71864
71865
71869
71871
71875
71876
71911
71914
71941
71949
71965
71969
71978
71998
72016
72019
72020
72039
72042
72057
72068
72093
72094
72095
72095
72117
72119
72123
72124
72124
72139
72145
72156
72186
72190
72215
72216
72258
72289
72309
72320
72323
72330
72332
72359
72360
72366
72395
72396
72398
72402
72406
72409
72418
72421
72449
72456
72469
72475
72481
72487
72500
72501
72502
72522
72539
72544
72544
72562
72571
72580
72581
72583
72585
72589
72643
72662
72676
72681
72686
72699
72700
72707
72725
72727
72738
72753
72770
72771
72776
72799
72828
72833
72868
72877
72896
72896
72900
72921
72927
72930
72967
72983
72991
73018
73024
73040
73051
73051
73068
73123
73125
73136
73137
73158
73170
73170
73173
73174
73174
73181
73186
73208
73217
73219
73219
73254
73270
73294
73297
73321
73331
73342
73343
73344
73354
73385
73399
73404
73407
73416
73429
73441
73452
73455
73464
73486
73486
73487
73514
73534
73538
73538
73545
73555
73556
73557
73581
73584
73587
73607
73617
73619
73626
73642
73648
73650
73653
73656
73662
73670
73673
73675
73675
73678
73678
73692
73705
73707
73708
73738
73739
73749
73759
73765
73771
73776
73829
73831
73832
73838
73843
73845
73859
73861
73872
73875
73893
73894
73895
73906
73924
73944
73954
73963
73986
74006
74011
74013
74022
74022
74036
74044
74046
74057
74077
74079
74083
74087
74095
74106
74108
74121
74133
74134
74137
74156
74157
74158
74162
74164
74184
74185
74191
74200
74203
74250
74252
74280
74281
74284
74292
74306
74321
74328
74338
74340
74341
74344
74346
74357
74359
74382
74400
74401
74410
74412
74421
74440
74444
74448
74451
74454
74470
74489
74510
74516
74516
74527
74535
74542
74544
74549
74551
74568
74584
74594
74598
74599
74604
74607
74608
74623
74632
74636
74640
74644
74645
74660
74663
74689
74696
74724
74732
74736
74739
74766
74771
74771
74775
74782
74792
74835
74837
74840
74849
74855
74868
74874
74881
74884
74896
74902
74905
74927
74944
74960
74964
74971
74995
74996
75009
75012
75027
75059
75062
75063
75071
75091
75102
75110
75125
75129
75135
75150
75158
75167
75169
75178
75202
75206
75210
75223
75232
75233
75237
75239
75248
75260
75270
75281
75287
75289
75300
75303
75312
75320
75331
75342
75346
75354
75355
75363
75380
75403
75407
75412
75418
75419
75450
75484
75518
75532
75551
75554
75575
75577
75577
75581
75590
75602
75608
75633
75643
75699
75712
75733
75743
75747
75747
75750
75770
75786
75791
75794
75808
75813
75834
75856
75863
75864
75866
75878
75884
75887
75899
75909
75910
75952
75960
75960
75974
75990
75990
76002
76027
76032
76056
76067
76080
76090
76107
76110
76121
76150
76162
76187
76189
76191
76194
76196
76197
76198
76200
76208
76220
76226
76246
76250
76254
76258
76259
76265
76265
76280
76298
76307
76309
76311
76337
76362
76366
76370
76385
76402
76403
76404
76405
76406
76415
76418
76430
76437
76451
76478
76482
76492
76506
76516
76530
76536
76552
76552
76555
76559
76564
76573
76577
76587
76590
76600
76603
76621
76631
76636
76671
76675
76675
76686
76701
76716
76728
76734
76735
76738
76769
76794
76797
76798
76808
76814
76892
76899
76902
76902
76916
76928
76951
76954
76958
76961
76978
76982
77014
77020
77027
77044
77065
77066
77111
77122
77154
77159
77163
77169
77179
77202
77204
77227
77233
77235
77240
77245
77253
77256
77265
77300
77310
77312
77331
77335
77337
77352
77355
77366
77384
77403
77417
77428
77466
77469
77474
77503
77505
77506
77509
77524
77546
77556
77568
77589
77593
77596
77607
77620
77639
77647
77661
77668
77668
77678
77723
77726
77735
77741
77743
77746
77760
77763
77768
77774
77781
77782
77785
77795
77817
77822
77826
77832
77837
77845
77875
77880
77883
77902
77908
77908
77912
77923
77929
77934
77941
77954
77958
77964
77973
77978
77978
77983
78001
78016
78026
78027
78033
78053
78057
78058
78098
78112
78149
78151
78152
78163
78186
78192
78196
78201
78207
78210
78217
78222
78222
78236
78237
78240
78245
78249
78267
78276
78286
78294
78300
78328
78348
78354
78354
78369
78379
78379
78382
78385
78393
78394
78399
78404
78418
78433
78437
78456
78462
78482
78489
78499
78519
78521
78545
78560
78566
78571
78577
78603
78616
78617
78618
78625
78630
78633
78635
78636
78651
78655
78656
78661
78667
78669
78690
78693
78695
78696
78699
78702
78705
78728
78734
78744
78748
78748
78758
78762
78765
78785
78801
78801
78805
78813
78827
78829
78840
78841
78850
78863
78875
78880
78887
78891
78896
78904
78920
78951
78952
78960
78980
78984
78997
78998
79060
79061
79083
79090
79116
79123
79131
79136
79159
79165
79180
79183
79188
79193
79197
79198
79199
79230
79231
79231
79235
79241
79256
79262
79262
79273
79276
79284
79286
79303
79311
79311
79315
79329
79332
79342
79343
79353
79370
79371
79402
79409
79460
79462
79470
79473
79479
79481
79483
79502
79507
79536
79543
79553
79558
79576
79592
79592
79595
79601
79612
79620
79628
79632
79633
79642
79647
79654
79659
79691
79699
79704
79731
79735
79735
79736
79745
79805
79813
79816
79823
79824
79832
79835
79841
79854
79854
79876
79897
79915
79927
79928
79938
79942
79947
79987
79998
80008
80018
80026
80027
80033
80037
80061
80074
80078
80096
80108
80119
80125
80132
80148
80149
80149
80186
80217
80218
80220
80225
80248
80248
80260
80260
80277
80281
80292
80295
80299
80316
80318
80321
80322
80333
80350
80358
80359
80361
80363
80382
80387
80397
80406
80427
80440
80451
80453
80467
80483
80486
80489
80489
80492
80511
80519
80526
80551
80561
80580
80582
80585
80585
80592
80608
80631
80646
80655
80658
80677
80677
80701
80711
80718
80730
80732
80742
80748
80753
80779
80787
80790
80796
80814
80820
80827
80830
80833
80865
80884
80889
80899
80904
80928
80931
80932
80948
80952
80955
80956
80956
80978
80980
80980
80989
81023
81031
81044
81059
81068
81081
81102
81116
81127
81153
81154
81184
81188
81203
81208
81227
81231
81236
81250
81263
81263
81285
81303
81306
81312
81325
81334
81334
81340
81342
81345
81346
81355
81360
81365
81365
81371
81371
81378
81405
81414
81424
81434
81434
81436
81437
81441
81444
81459
81469
81496
81512
81531
81534
81557
81558
81577
81579
81583
81592
81595
81615
81642
81653
81661
81661
81665
81677
81685
81703
81720
81725
81733
81747
81776
81823
81824
81826
81848
81850
81861
81862
81863
81875
81879
81894
81899
81899
81915
81919
81924
81941
81945
81954
81959
81962
81966
81971
81986
81997
82006
82011
82018
82020
82047
82057
82074
82081
82089
82091
82109
82118
82120
82137
82157
82164
82172
82172
82191
82201
82214
82225
82247
82249
82251
82259
82311
82328
82331
82338
82340
82376
82379
82386
82388
82391
82400
82413
82415
82416
82440
82440
82443
82476
82484
82489
82502
82525
82526
82526
82537
82553
82554
82557
82558
82560
82574
82580
82582
82597
82601
82602
82603
82607
82623
82639
82645
82673
82675
82682
82691
82697
82702
82719
82725
82730
82768
82770
82783
82790
82791
82796
82797
82807
82809
82812
82832
82833
82850
82854
82866
82887
82902
82929
82937
82954
82956
82990
82993
82995
82997
83008
83018
83018
83019
83021
83022
83024
83026
83030
83049
83052
83055
83065
83078
83085
83093
83105
83127
83133
83141
83146
83149
83151
83155
83168
83174
83179
83180
83190
83217
83222
83228
83232
83236
83272
83288
83290
83294
83319
83323
83328
83350
83351
83352
83363
83364
83368
83384
83405
83405
83410
83418
83427
83431
83439
83446
83455
83468
83506
83516
83529
83534
83539
83540
83557
83572
83591
83602
83604
83613
83643
83657
83657
83664
83677
83693
83696
83697
83698
83711
83714
83733
83764
83796
83819
83826
83828
83829
83854
83855
83863
83876
83881
83897
83904
83919
83922
83940
83957
83985
83985
83997
84005
84016
84019
84040
84047
84058
84060
84062
84069
84082
84101
84136
84138
84143
84145
84183
84195
84197
84202
84212
84217
84226
84236
84239
84241
84251
84263
84264
84268
84272
84279
84293
84296
84300
84304
84322
84330
84331
84344
84354
84362
84365
84366
84376
84398
84403
84408
84410
84418
84427
84427
84429
84430
84433
84448
84461
84476
84497
84499
84504
84507
84514
84521
84538
84552
84579
84592
84599
84601
84607
84607
84643
84652
84660
84675
84679
84683
84686
84692
84696
84709
84710
84744
84794
84797
84804
84824
84824
84831
84835
84851
84855
84860
84877
84881
84890
84895
84904
84906
84907
84912
84953
84970
84993
84994
84994
84999
85001
85042
85068
85080
85083
85084
85085
85096
85100
85103
85113
85114
85118
85127
85131
85135
85141
85150
85153
85183
85192
85192
85200
85209
85218
85230
85238
85243
85255
85266
85270
85272
85280
85281
85290
85302
85308
85331
85336
85360
85361
85370
85371
85375
85379
85438
85448
85468
85478
85482
85492
85528
85536
85548
85557
85562
85572
85572
85574
85605
85623
85623
85626
85634
85643
85655
85673
85686
85688
85693
85695
85699
85707
85718
85725
85734
85759
85762
85768
85768
85775
85785
85788
85792
85800
85801
85808
85811
85824
85836
85837
85854
85858
85861
85865
85885
85896
85896
85898
85907
85914
85928
85943
85946
85963
85975
85984
85987
85995
86000
86004
86007
86012
86019
86024
86035
86038
86039
86072
86078
86083
86114
86118
86151
86153
86153
86154
86161
86163
86170
86184
86192
86205
86230
86251
86267
86275
86279
86297
86298
86301
86303
86322
86326
86360
86378
86379
86380
86383
86386
86388
86393
86396
86401
86402
86412
86440
86440
86456
86465
86471
86473
86474
86483
86497
86497
86501
86533
86556
86572
86586
86599
86600
86606
86609
86615
86622
86630
86632
86634
86709
86724
86738
86755
86761
86762
86775
86788
86789
86801
86806
86812
86813
86818
86834
86835
86835
86840
86849
86861
86865
86871
86878
86889
86893
86896
86914
86919
86931
86948
86949
86953
86957
86984
86997
87008
87024
87032
87037
87039
87041
87069
87091
87112
87113
87127
87133
87143
87146
87174
87175
87186
87210
87215
87223
87226
87231
87241
87249
87253
87255
87289
87289
87320
87326
87327
87330
87331
87342
87375
87404
87408
87430
87431
87437
87440
87440
87460
87502
87502
87506
87507
87543
87546
87555
87561
87575
87579
87589
87592
87593
87601
87612
87612
87624
87629
87635
87639
87644
87657
87664
87669
87704
87719
87725
87755
87764
87765
87767
87793
87795
87845
87849
87891
87894
87915
87916
87934
87938
87945
87959
87963
87969
87972
87976
88008
88008
88046
88062
88068
88068
88073
88076
88085
88087
88090
88093
88111
88140
88150
88157
88161
88168
88176
88189
88190
88192
88199
88218
88229
88276
88278
88279
88284
88295
88304
88351
88363
88406
88408
88410
88418
88430
88445
88447
88447
88469
88493
88496
88505
88544
88555
88555
88563
88568
88573
88584
88643
88666
88679
88707
88716
88725
88742
88744
88745
88762
88766
88782
88782
88804
88814
88815
88815
88820
88849
88851
88879
88902
88904
88906
88935
88937
88940
88960
88962
88978
88981
89020
89029
89045
89060
89071
89076
89090
89093
89093
89109
89128
89153
89171
89183
89192
89201
89211
89214
89226
89230
89231
89233
89241
89252
89262
89267
89273
89293
89308
89314
89336
89340
89355
89357
89388
89398
89406
89410
89423
89424
89429
89432
89438
89440
89443
89457
89488
89491
89504
89512
89525
89529
89531
89551
89554
89558
89564
89570
89590
89594
89604
89611
89622
89622
89629
89632
89642
89651
89659
89692
89696
89712
89713
89718
89748
89752
89753
89762
89766
89772
89790
89798
89801
89802
89815
89846
89876
89886
89902
89910
89951
89955
89957
89968
89975
89984
89993
90002
90010
90041
90044
90054
90083
90090
90090
90091
90112
90121
90128
90128
90129
90136
90179
90184
90186
90204
90212
90213
90232
90232
90238
90245
90262
90290
90292
90295
90306
90324
90328
90334
90344
90345
90349
90382
90383
90387
90388
90394
90396
90415
90455
90457
90465
90474
90477
90508
90509
90511
90516
90529
90543
90551
90554
90564
90565
90572
90610
90615
90631
90644
90646
90686
90697
90720
90728
90743
90762
90763
90763
90771
90775
90804
90806
90813
90819
90826
90836
90839
90843
90844
90853
90856
90881
90908
90910
90931
90937
90944
90950
90953
90974
90981
90988
91016
91019
91023
91043
91045
91069
91073
91073
91094
91096
91111
91117
91119
91128
91130
91134
91178
91181
91187
91200
91216
91227
91236
91239
91261
91268
91273
91285
91289
91305
91327
91335
91345
91359
91362
91431
91437
91447
91454
91467
91478
91510
91515
91539
91549
91574
91607
91608
91611
91613
91624
91628
91629
91645
91652
91653
91661
91679
91692
91693
91702
91712
91719
91733
91737
91743
91746
91790
91823
91858
91859
91872
91875
91882
91885
91906
91913
91917
91918
91922
91935
91946
91961
91970
91972
91981
91982
91991
91997
92005
92018
92019
92030
92036
92038
92042
92051
92052
92054
92056
92084
92093
92102
92112
92116
92120
92132
92133
92142
92142
92150
92154
92176
92201
92203
92209
92211
92214
92227
92234
92240
92245
92282
92284
92292
92294
92295
92310
92312
92316
92320
92345
92348
92357
92372
92387
92394
92408
92414
92436
92443
92444
92446
92451
92461
92469
92483
92514
92528
92532
92542
92553
92554
92575
92578
92589
92607
92649
92654
92655
92682
92732
92742
92753
92762
92763
92773
92784
92787
92791
92808
92815
92817
92837
92842
92842
92852
92854
92863
92873
92926
92960
92962
92962
92971
92988
92995
93001
93013
93015
93015
93018
93020
93027
93037
93043
93050
93051
93064
93076
93076
93084
93087
93087
93088
93089
93093
93095
93098
93102
93126
93142
93156
93188
93213
93223
93228
93244
93291
93299
93307
93312
93331
93375
93395
93401
93405
93412
93417
93424
93426
93436
93479
93485
93504
93512
93512
93548
93599
93630
93640
93642
93649
93655
93662
93666
93676
93686
93689
93694
93713
93726
93734
93735
93758
93765
93769
93774
93804
93812
93812
93821
93821
93824
93830
93833
93856
93864
93884
93885
93888
93907
93908
93913
93924
93932
93936
93936
93938
93955
93967
93987
93997
94002
94006
94012
94012
94031
94032
94033
94037
94061
94061
94074
94095
94108
94114
94115
94124
94143
94145
94151
94154
94164
94170
94173
94189
94210
94212
94221
94229
94232
94254
94255
94273
94275
94276
94293
94329
94332
94335
94346
94352
94371
94379
94384
94403
94404
94455
94459
94488
94507
94511
94514
94521
94526
94527
94556
94580
94581
94583
94583
94587
94603
94607
94621
94636
94710
94756
94761
94766
94774
94785
94787
94788
94813
94832
94845
94849
94855
94859
94859
94864
94882
94883
94906
94908
94911
94963
94970
94980
95004
95027
95032
95038
95047
95064
95064
95075
95087
95091
95095
95101
95107
95111
95139
95140
95153
95164
95171
95189
95190
95202
95219
95220
95230
95234
95237
95238
95245
95261
95263
95267
95303
95305
95325
95331
95333
95337
95346
95382
95385
95388
95389
95399
95410
95411
95420
95449
95453
95465
95471
95478
95481
95490
95503
95519
95522
95542
95554
95564
95579
95584
95589
95591
95597
95601
95609
95611
95647
95658
95659
95665
95689
95699
95700
95709
95717
95722
95734
95762
95769
95783
95784
95796
95798
95805
95809
95810
95819
95823
95854
95861
95863
95867
95895
95896
95911
95921
95944
95970
95972
95991
95992
95996
96001
96018
96023
96070
96082
96105
96110
96123
96125
96134
96142
96146
96147
96152
96158
96168
96225
96233
96241
96249
96261
96271
96279
96297
96298
96304
96318
96319
96325
96331
96348
96353
96356
96367
96368
96379
96380
96396
96402
96408
96409
96412
96415
96421
96427
96430
96439
96440
96443
96469
96471
96474
96484
96492
96495
96510
96513
96517
96525
96533
96537
96552
96560
96568
96571
96572
96585
96619
96620
96633
96637
96658
96659
96669
96670
96703
96717
96719
96719
96727
96752
96753
96764
96776
96790
96795
96800
96801
96806
96824
96839
96843
96850
96864
96869
96889
96906
96908
96929
96930
96939
96939
96953
96954
96956
96985
96995
97025
97035
97040
97043
97044
97062
97066
97070
97078
97082
97087
97093
97094
97096
97098
97099
97116
97117
97135
97148
97151
97174
97184
97196
97198
97198
97200
97202
97208
97215
97229
97232
97253
97280
97280
97286
97286
97295
97305
97307
97362
97364
97372
97378
97433
97435
97435
97448
97465
97475
97477
97484
97496
97498
97506
97520
97542
97546
97548
97549
97553
97572
97581
97585
97586
97591
97601
97623
97633
97653
97654
97658
97669
97678
97686
97690
97699
97699
97710
97711
97737
97743
97754
97760
97761
97806
97812
97813
97827
97827
97835
97836
97855
97855
97859
97873
97876
97877
97878
97878
97888
97892
97900
97905
97907
97910
97921
97942
97942
97948
97954
97960
97968
97973
97976
97983
97999
98012
98012
98013
98016
98020
98031
98036
98042
98054
98056
98057
98062
98074
98089
98094
98098
98111
98112
98118
98124
98127
98127
98129
98131
98133
98136
98146
98148
98160
98170
98175
98183
98187
98224
98231
98243
98248
98263
98277
98288
98296
98319
98335
98336
98368
98378
98409
98416
98424
98428
98433
98453
98459
98466
98471
98477
98477
98489
98493
98519
98534
98545
98548
98599
98605
98607
98639
98643
98648
98653
98659
98679
98683
98689
98690
98691
98696
98714
98716
98719
98730
98733
98734
98735
98739
98747
98758
98760
98761
98762
98778
98785
98792
98803
98814
98816
98835
98837
98849
98860
98888
98890
98892
98920
98946
98951
98954
98963
98968
98969
98978
98990
98994
98998
99004
99019
99020
99021
99025
99028
99030
99040
99061
99069
99072
99073
99088
99093
99112
99123
99133
99145
99146
99150
99152
99153
99156
99164
99164
99169
99172
99180
99186
99186
99198
99201
99209
99213
99216
99236
99244
99249
99264
99287
99288
99306
99307
99322
99378
99413
99426
99434
99443
99462
99469
99479
99480
99495
99512
99521
99541
99557
99571
99575
99581
99581
99584
99606
99611
99643
99646
99651
99662
99666
99672
99677
99678
99686
99694
99697
99698
99701
99722
99728
99731
99732
99769
99771
99773
99791
99797
99806
99807
99812
99851
99856
99856
99857
99868
99883
99901
99911
99922
99923
99926
99946
99956
99956
99967
99970
99976
99981
99996
