5337
6719
6327
757
8585
363
8859
1158
7162
9671
6743
6602
9577
2146
8727
2358
3217
6112
6446
4596
3141
6824
9773
8349
6528
545
2281
2005
3046
4486
627
3662
182
2214
3995
695
768
1292
9728
1899
8280
7775
9549
3138
1668
3603
9387
1748
6150
4179
7360
1866
2569
7893
4246
3163
3341
4744
9716
6852
9863
6229
9374
7641
5069
5361
6685
5613
9566
1463
3607
9174
4057
9745
3376
3173
6918
102
6534
8897
2263
8865
651
8868
6862
3269
3331
7916
9375
2871
8159
1920
2755
3865
996
8213
6865
4601
4646
799
7266
2845
1719
6372
8974
1680
2944
6842
7833
7728
9195
2475
2559
8425
2122
8237
4937
1996
8086
1669
4070
3478
7711
7140
3104
7143
3406
7930
6121
301
5300
569
3182
4472
675
3263
1643
9845
8670
1198
4367
7508
7590
7958
5203
6244
9114
5610
1205
7100
4950
5453
9272
108
3593
9328
2729
6158
5192
7001
9040
5204
6376
7682
3762
7625
1396
4403
2985
7925
3681
3114
6522
2323
4655
5870
7002
8952
6978
3703
7834
5395
3225
9917
3180
7559
5460
2183
6744
3842
3938
8468
9697
6829
8017
4204
6933
4770
9321
9439
2056
2814
1517
7057
3529
9991
8128
6304
8610
9273
1771
4694
6490
1464
7992
9159
5429
9955
2607
232
5590
3522
4451
6707
6793
8085
122
247
1699
3774
1172
9531
1227
2539
3886
7518
839
3835
4710
9870
7804
6133
8197
7397
8616
5377
4697
8604
2367
224
9428
1435
5246
8231
9629
1188
1471
8076
7569
5519
2173
4236
7205
4956
8093
9317
3635
160
4267
1017
5532
7647
3284
1823
4120
1215
5221
1087
8636
5527
8045
444
8912
6896
8995
3512
9111
4434
4205
7701
441
624
4919
5400
2167
1112
973
4262
6798
6867
588
8236
2318
1151
5928
8355
6443
6306
2579
4448
3367
4872
1357
5901
1358
6570
1752
7149
7984
6505
11
5734
7642
5098
5658
7750
9988
9862
6601
5471
3794
1096
8602
9039
4442
4166
939
1929
7169
7684
9506
6435
8898
4806
9686
890
23
787
4959
5508
1062
1285
750
236
7926
9353
2053
2378
3956
3178
31
9970
69
7310
8709
5859
5912
3836
461
3429
2019
4017
5153
7203
8539
9634
8094
9952
1173
1418
3161
7653
8841
5888
5584
8334
425
9189
6956
2075
9525
1580
488
6900
3054
9725
9897
346
6255
7731
1872
8118
4391
5211
7393
861
6074
1458
7333
6704
3959
4282
7799
7721
7871
8279
2590
3403
2748
648
9191
8403
3564
6001
1685
6702
6268
3809
8744
5479
3610
567
449
4520
5863
9555
8848
130
7851
1228
2659
886
4133
5665
3978
507
6323
1593
8455
2131
7527
4107
7859
284
5418
1105
3946
4791
6207
3471
9503
9172
3591
9416
4290
553
4143
8243
3207
1308
9045
4743
9804
7188
5419
9389
8907
6791
2712
4773
7049
6784
753
850
3481
4315
4257
6610
593
5803
4718
7892
270
7528
3962
5399
1097
7591
7265
7681
1790
5601
2164
2189
3952
7457
8157
6305
9799
2400
4165
8090
1318
9098
2812
6816
389
5321
9281
4007
2383
9216
7598
1466
8849
5161
3470
577
4104
2087
9883
4108
7618
4379
113
4942
991
6872
3744
7907
3216
9079
451
2059
9448
1776
9730
8399
8895
2585
8300
7940
9614
3083
5733
7949
4516
6765
4518
203
9598
6101
7494
3830
4013
4938
103
8031
8141
1513
324
9003
7520
6734
8796
186
4096
7737
511
1393
1551
2519
8783
7855
2493
6649
6943
5628
2380
5195
8697
9489
9951
5997
4266
1992
9123
387
8126
3101
9001
2206
8369
9741
7374
4735
2335
1674
8467
9194
4396
530
4614
9881
3993
6165
1886
7562
4124
7756
2097
1249
6231
379
7444
4985
6301
104
4188
4736
357
1497
8313
9362
6714
150
2992
5186
1944
6718
955
9956
5496
859
9765
8427
8630
4900
7259
7749
311
6118
1546
508
1365
8215
2198
5033
9301
2860
1727
7611
9142
3372
2391
8521
4800
3335
949
2690
9380
5322
2193
8812
6365
2315
613
4346
9205
8220
4485
3152
3544
8226
2004
786
214
3498
2714
2454
3329
2918
4210
7269
9758
7838
4174
5988
2723
8804
1684
2996
1119
4109
5723
657
7857
1434
4964
9861
2757
7322
1743
2847
4453
5058
2169
8377
1479
5004
4544
3318
2406
6812
2846
631
7738
5710
8407
4366
7794
541
6940
500
9871
8720
3227
3128
2916
2121
6016
5417
2166
1450
3867
3381
7354
3942
5623
3656
6311
8776
7253
6441
8499
2357
5040
847
5910
6751
4982
5413
5701
73
8961
3520
7318
1913
1970
2364
1309
4868
204
2489
6975
1518
2301
2389
4552
6927
3756
7396
8242
5409
1242
9247
5392
4921
8353
2088
8227
8998
9511
4695
5545
6753
8833
4651
5032
9664
246
7521
342
4957
6524
2352
6981
7066
1976
9169
1183
3984
2213
8475
1558
8147
4531
5081
6495
7063
858
7153
8603
8096
6359
2770
2126
4004
6547
1766
5546
5403
5817
8563
9197
4849
4373
5635
4792
2153
2137
4207
8460
4707
7405
4859
516
4712
6176
2044
2798
7038
4044
7655
2219
2484
8835
7088
6313
2217
4988
8289
1505
1142
9325
9908
5492
6379
4953
3855
7448
653
8851
6655
9165
5188
7414
6315
8008
1746
6416
140
2461
5627
7773
7046
9721
1193
4000
7004
7727
1803
2937
4844
9104
4657
1250
97
1621
9622
4897
985
8774
6474
1999
9811
2402
6187
7334
8092
3640
8606
3863
4495
4361
8408
1229
7651
1883
7532
7336
340
4279
2123
1773
362
4278
8309
910
6430
8113
8698
4291
2067
9254
7486
2743
7313
3078
7702
5712
1153
127
7177
1200
7394
2861
2431
1730
9850
6790
4674
4011
2598
4042
6209
2662
7458
3167
4481
5351
9548
4961
1001
1653
149
3769
1089
8707
135
1650
6281
2677
9459
3309
9087
7240
1341
7614
9230
326
1530
6530
7604
3680
909
6595
1085
2172
2314
7424
4783
1874
1692
6930
998
1700
8416
5798
5026
9410
3921
2113
7421
2341
1176
4248
8379
9364
3063
773
4664
4129
2715
336
3300
9117
7273
4467
4823
9143
1520
6877
4928
4362
9322
8433
9657
5562
4319
7522
8155
9480
7160
6689
680
5297
3013
1499
975
4839
118
4251
4213
628
3134
1187
8075
8065
6124
4638
4700
6662
3198
5415
3340
5822
6894
7603
7828
8059
9940
9293
8308
6197
6871
9164
61
5128
5792
8722
510
4488
5176
5121
3825
3067
4864
1476
3222
2458
5846
2521
2064
5690
8189
5113
4012
4145
5967
3638
2419
3772
1565
8290
1210
2708
4492
2676
585
737
3754
7476
7906
1137
870
9303
9792
5181
7820
696
5566
689
1834
1152
5424
5571
7886
6484
4502
2628
4432
8652
5718
3986
1347
1372
6578
8882
2552
4566
1585
3398
6137
8741
4405
3663
3980
8823
4708
13
2376
7128
4613
7101
7228
4965
8644
2292
1782
400
1095
5034
4299
6802
5329
5016
6423
3431
9095
806
5544
9206
9927
7730
9357
685
1425
2434
7275
6107
7357
7912
5730
4178
9299
4829
8139
7913
8327
971
824
367
1772
3080
1624
5482
8967
2077
637
3342
5145
8400
4249
8587
919
3260
5941
6696
5272
3554
5268
3245
6817
2652
8928
3925
5564
8396
4192
554
1523
595
1754
7910
4255
3945
6640
8393
6904
5000
2608
3369
6339
9761
2940
7752
5099
5812
2681
8332
1370
3937
8600
9926
2305
4797
5257
6142
8296
2819
3917
1306
5582
5461
9360
2722
9310
1655
736
4169
9803
2641
8088
412
3027
4936
3786
8275
8705
2866
9570
471
2450
9742
1124
7489
9311
7324
1291
4421
8779
7772
2794
7572
2231
3399
2642
8710
9236
3671
3906
3468
9609
2186
4525
3890
5659
7052
9166
2426
2018
6330
4054
3057
6754
1171
7432
2684
7070
4377
3670
8553
7416
6125
4540
7719
3870
8659
8765
9306
5632
9340
4509
139
5070
4530
1753
81
9457
1367
8358
344
3523
7045
278
3033
3713
5887
9042
2306
382
5758
107
3760
3665
2567
767
4916
8206
8506
986
8304
2468
8342
2342
1721
3126
2149
9167
5592
5095
5540
7246
8589
4350
8976
6722
3699
2783
6983
8198
3562
4943
7621
2446
7959
8203
3164
8292
7622
9105
1321
3439
2859
1
6175
6513
9423
7964
6351
8635
5772
8962
7478
4948
2964
3415
6556
5079
8777
205
1065
8601
8056
5872
8968
2839
4730
1789
3637
280
7744
4033
9091
8866
5717
6583
1835
1149
6700
1947
7761
917
2284
9276
2495
8653
922
1670
2224
8165
455
1960
3089
8097
4818
8767
4873
2827
2680
8981
3229
5447
2880
5015
3349
5991
9312
3293
198
5224
5332
8204
1239
2799
5898
5313
9397
9068
3467
4720
6447
562
2948
9839
6076
4686
1544
5168
5353
2386
16
6989
4628
4189
8713
9744
2788
3012
1817
7199
7534
6996
5850
4755
7936
7054
6205
7126
9989
86
5144
3909
9600
4588
9377
3519
2933
3528
5650
6536
6688
9403
632
1208
1374
2439
9924
7028
7971
7470
587
9443
8640
7280
9515
9046
8270
7399
8103
4149
4234
9530
883
1351
7179
6954
1675
323
3666
8494
4154
8781
9538
8997
4898
2344
6445
8049
7650
9561
6496
3253
3510
6072
2774
7493
1179
1740
8352
2273
3742
7762
9867
8728
7561
8487
4420
151
582
968
2920
6955
1182
1689
5172
3898
6905
5811
1715
4440
7976
2804
7436
9431
3778
1615
3419
4824
8875
6546
2863
9968
7488
4909
761
3594
2536
9464
4175
5463
3338
4462
9323
7579
68
8084
4024
5495
8483
4572
5781
2201
7086
9011
3096
1561
9192
2760
1029
3922
1166
1592
98
2843
1380
5267
1468
3219
9233
2192
3929
4118
4986
5287
1076
7193
1063
1630
8329
2451
8287
8876
7471
6256
7792
9187
2156
1640
2262
827
8382
960
1006
7465
6363
4998
7268
4069
4357
6985
1401
7156
2269
4512
3940
3840
4371
2035
4493
7154
2945
5148
1514
6509
1508
2666
3348
7319
6071
62
1433
4450
1192
814
5631
3423
5309
1020
9447
7087
3568
622
1666
8598
6087
7016
672
5375
5556
3110
8819
1716
6349
6875
2626
5641
8821
785
9324
4452
9214
2772
8150
1251
4081
8145
5605
9267
6569
3088
5214
2669
6017
7386
8048
2251
1240
7173
8277
1493
3366
4225
2692
7993
7130
3247
5740
8015
8672
1979
1445
5407
8844
7408
4939
5638
5868
774
6220
2041
3187
8256
7637
2474
2700
1122
3301
6910
2802
1955
3031
6275
58
1134
7948
1363
856
2091
3194
6934
2304
6437
8986
4935
9061
7546
8392
7080
6018
7988
3605
6419
8702
1688
2828
2072
8194
7456
4627
3122
319
1045
831
4447
9494
5933
926
7920
1084
843
8005
6242
331
2826
610
7850
1009
876
3407
5091
1392
3311
9270
9210
2398
1483
1260
5125
5586
7973
5646
6455
9923
7040
6344
5685
6969
5331
7214
9126
6387
9504
7298
2534
7283
6607
3758
1093
9246
6325
4374
9137
5979
8615
6065
7006
9121
9285
1058
2445
359
2517
769
5766
3394
7687
9590
3927
5611
4322
5839
1534
9754
8614
8529
5011
800
8294
5652
7718
5946
1862
7897
8348
2731
3601
485
1632
1343
8268
6041
1993
7865
1395
5761
8964
6105
8793
6785
5694
6434
5025
2379
7440
8459
476
3377
2635
1419
9920
2329
9146
1541
529
8127
5736
1403
9838
9361
9185
225
5668
7302
5931
7780
2007
3220
2401
9997
2934
9487
4568
2884
3527
6815
5729
9910
2215
6612
5643
3717
1928
9882
5543
6030
6750
1956
7607
1094
5354
7736
8664
2523
6890
7431
738
5491
686
1219
2098
8757
1848
948
754
9610
9678
3941
8500
9576
9769
2851
4078
5836
9510
5550
2291
6340
1267
3035
9852
6409
3147
5657
8944
4141
1495
6195
1138
5156
3934
5094
976
7229
6949
4336
3436
208
1115
9309
6964
252
9237
1576
4454
1447
9781
9037
2140
2340
6756
4643
3750
7284
85
8628
8037
5693
6243
4870
5569
1967
147
4399
2422
5202
7594
6103
7972
2144
8319
5275
1161
6950
5926
2856
1072
240
2409
5327
1108
2682
92
217
780
5105
2031
3808
6091
8545
4268
5323
9613
3963
1346
4252
6439
9738
4661
2377
5753
6730
1527
3188
4132
2815
3043
7090
6681
8739
5129
391
8106
8249
6058
8690
5982
5465
4630
4253
5715
6022
4799
8799
6126
7363
4931
9950
6972
6226
9886
6504
3214
1073
8760
2765
4519
9405
9026
1420
1788
4578
5864
3861
9414
2852
2610
6965
6820
7628
1895
6055
1103
1781
4790
5002
142
7023
7282
2413
9381
7306
6210
8154
5109
3456
32
8453
3811
2093
7293
8114
1638
5950
7798
2837
933
2696
3569
747
2008
6733
6319
5103
9228
983
6036
6690
9564
8288
7517
1819
3146
2789
4912
4219
63
8175
8325
8116
206
7060
7800
9065
3296
3795
5653
6193
7716
1940
9793
4285
7810
1629
3049
8714
6928
2054
2876
7588
210
4564
1657
5248
8515
2864
4148
211
9453
7325
7151
9729
9382
1620
15
580
5629
9304
6650
260
7911
7787
7276
5229
2967
1881
646
8620
396
4513
546
6573
1452
6480
4114
5240
4047
5350
6560
7846
9296
9801
223
6050
2990
6876
7896
4549
6442
7954
3142
3117
7447
5891
1526
6251
2362
48
3694
895
6903
8852
7626
6618
9067
5333
9994
6151
5386
1921
1289
7760
1559
7037
2550
3822
3612
9720
4230
2538
1110
3860
2043
2211
1099
2841
3616
8318
12
5284
8261
7127
4822
398
424
6366
6000
3022
4014
5085
2381
4747
596
7355
3386
7694
2115
5124
7326
8921
3257
3427
5254
2061
2563
6168
6067
1724
1566
2403
3553
181
1355
6279
5295
2707
5266
7853
4987
7582
1417
1013
6889
5205
9019
4372
4035
339
9547
4752
8943
3852
2694
8040
7132
3785
2351
9140
8043
1941
6358
7095
5915
7124
1763
8286
5708
6132
7934
2257
7136
4714
8954
5799
1952
5352
4209
6703
235
8110
426
5589
4099
415
1328
9081
4999
775
4343
597
2561
726
6316
5914
9147
2551
9946
8508
647
9699
233
4052
1262
9928
2494
9753
1664
4363
7704
5844
2761
5037
5861
1265
846
5365
4271
6010
7501
650
191
418
5006
9221
8764
20
6239
3333
4318
2560
132
2542
2974
2575
6023
3145
254
4740
8333
9390
8780
9027
4487
8718
2951
1117
7167
5136
3099
4135
6935
5553
3648
9163
6119
1248
7542
1532
6297
4658
5191
7267
1407
7950
5325
9835
3087
4340
656
8551
8667
8412
1336
1804
8790
3259
1129
9352
867
7077
5790
3798
2795
2080
5433
4183
429
5713
1141
2938
2660
9196
8577
4297
8011
4254
2995
7835
1784
271
3627
1026
7703
9208
506
8291
699
6283
5993
472
7185
3821
9933
8218
7035
482
8324
1426
7739
428
1965
8430
2874
9929
499
1204
8387
2229
9635
1277
4581
9409
291
4359
7020
828
7152
4741
4147
8570
666
5299
4907
6782
6821
741
6995
1191
1016
6600
6040
7425
1319
9454
6598
5043
4648
1330
6066
3336
3896
8542
9097
8195
1322
4095
826
9419
6347
5010
5296
4534
2929
4388
7391
2349
8
2928
261
4696
2625
3556
3572
1402
3719
7401
1707
2470
2581
6401
8391
5660
3827
6908
6120
9394
5595
4626
293
5475
2709
4097
5230
6216
2034
2647
3458
6109
836
364
2504
4211
8160
405
3294
7821
2727
2966
9539
959
165
6090
2482
3074
805
1528
2157
2775
9944
6960
9650
8878
3757
3797
2310
9256
903
489
7575
7867
3711
8750
2420
6049
2050
1384
9770
869
7158
6045
7530
6388
4378
5923
5056
1216
6880
9332
5554
4196
7112
2877
3430
1745
9723
7887
8753
1761
6797
7184
9544
6801
7255
6561
296
3574
7290
6247
2654
3790
9621
8770
5594
4605
3021
5369
5102
6721
6708
4418
8420
8284
6781
7544
9199
1278
9083
452
1911
644
99
6780
3853
9158
8437
9915
4768
4918
7462
6123
1607
536
2935
435
6223
9085
667
8674
4584
5789
2339
5579
2724
8716
690
218
6760
934
7904
4100
2778
9902
4637
2218
2129
3268
231
1842
495
1564
4625
5462
3919
9455
9696
5896
8828
332
1779
7480
6485
2835
6588
822
2011
6088
84
9847
4201
4171
4307
6100
1449
969
3619
6025
2363
2295
4019
3166
6656
5622
5788
6345
1865
1360
3077
4240
4930
7649
5965
9373
6748
3231
1066
5359
735
2528
1660
6663
3973
381
4537
2644
454
5175
4734
6057
7231
2711
5687
5596
7061
6227
7073
3137
7133
5264
6476
7795
3501
3100
1623
179
8038
6464
9092
4173
5624
8014
4817
7830
66
2174
1783
176
2052
4245
1428
1762
7021
481
4274
2353
4676
6047
5307
8938
4972
7212
2051
6582
5762
7062
599
6287
496
383
5705
4721
7645
416
898
8123
5787
1843
8755
3452
8417
8372
2247
5088
940
9594
7109
9436
9351
2627
6389
842
3669
4573
7146
5389
35
4992
185
7882
117
6691
7281
5143
8181
6460
9922
7782
7875
5937
2106
1631
8632
1946
7183
8646
9735
4093
6222
4995
9939
377
8994
6516
749
1069
8941
3532
434
316
1934
6580
4193
7089
3233
7036
3748
7104
6217
7790
7700
3771
4654
460
4499
9619
2888
9694
756
4187
2831
3988
5262
1421
8971
54
6849
9616
9468
9764
8747
5634
5503
96
9437
3782
433
2332
5206
3848
9523
1611
8951
4142
5390
9231
538
6029
8647
2101
4899
2162
3695
784
6968
7348
1431
7221
2605
8850
2909
9670
3679
5422
3961
1012
3728
8354
5096
9762
9808
3900
64
8953
8522
3306
5669
3740
6421
6920
8803
5215
5778
6932
8751
3212
4813
3007
3968
8916
9709
7797
8102
2280
2479
5585
5385
6958
7914
2685
4705
5930
5340
2099
6713
2221
4619
2947
8763
825
6004
3819
6115
1186
565
1157
9551
3
1345
1556
2872
4663
8009
9873
9475
945
9198
7114
931
5464
1033
8538
4331
4239
1737
2124
3060
5662
9495
5894
5999
5549
2345
8627
7657
4913
2055
3901
9948
8660
2698
5231
2959
4110
8795
899
5396
5524
2691
7646
4631
8452
121
661
5688
6317
6493
255
7048
2982
2631
3907
5972
2806
6134
961
2104
190
1972
2522
1052
8609
7866
5862
95
3590
3722
9465
592
6295
3325
598
325
1180
5139
2212
9895
9073
9129
5536
8129
5996
9339
1446
5563
8787
8813
3159
8867
3350
7278
2587
4119
2478
168
2038
2634
6741
421
3256
3310
5018
7013
4586
7460
5833
1936
891
4690
7679
1736
6215
7533
1116
4852
30
7093
6204
8152
2833
5523
5874
3854
3944
4414
8121
6799
1510
9820
7938
3327
6488
40
9649
2766
1337
5960
493
9190
5432
1410
3411
8026
265
407
3351
3172
8843
9673
5425
7877
7698
7765
4669
4150
9025
3000
4445
9269
352
7600
1253
3052
4878
492
5498
6219
5178
2275
1578
1368
6596
2678
9490
8397
7538
9979
6709
6712
3387
6508
4609
4438
3609
2392
7402
3745
9911
3673
7620
4284
6282
3636
8807
9542
1693
4757
8064
3832
6641
4369
5253
3958
7091
3664
6154
5383
6892
1906
9179
639
9524
2253
5577
6683
5869
9048
393
4483
2236
6394
8788
2435
8758
2854
3148
3820
1475
2000
3303
6738
3409
3661
6695
4074
782
3504
6417
4608
9916
3747
9135
8234
9009
9874
1977
7592
3465
2312
5791
6926
5675
3967
9715
8179
2308
7384
8006
6831
6084
6170
9652
6776
274
1775
7706
8509
3595
5468
6789
5981
8177
431
9532
3903
2943
9505
6291
8108
9219
1386
9516
7172
3766
6264
4092
2614
6682
3878
5917
7667
6128
3196
2128
8230
7841
4830
1639
2650
4136
177
3691
6808
9824
9071
8891
1293
678
3081
464
4722
8594
4354
3265
3374
7320
6020
505
1018
5443
6653
7411
1202
3102
5249
3447
7813
3361
9415
7583
638
4098
5689
5251
2537
8911
5920
6558
3723
6097
286
1196
9954
7477
3714
2207
4008
3355
9722
1364
6854
2980
1245
9356
6410
1717
835
5315
7862
9150
1901
7729
7789
2022
9750
8624
1599
1132
8328
3053
3887
1361
2655
169
5548
1286
590
1720
641
6777
3685
8173
1829
1555
717
5286
380
953
964
8581
3881
2762
1438
6110
6740
1590
5116
8169
5881
2309
3850
5013
549
5197
8915
9628
1820
9446
1060
6772
7359
606
3524
2237
3824
2998
7213
4080
3888
8063
4490
5575
9833
2649
1359
4851
5823
473
7482
6572
7131
4324
6448
171
5167
5285
3123
988
2753
8130
106
4739
7487
5477
7327
5621
3727
4344
5412
583
5697
4186
9812
4065
8493
2882
4260
3475
1038
7905
1991
3402
6736
292
1574
4125
4222
1317
3030
2293
6208
9188
2637
3149
1963
8486
4272
1813
6826
4130
1044
4680
9891
2427
1324
7187
7096
8422
3911
6269
6616
4725
7831
7643
566
3801
2913
4889
3254
5739
3379
9248
3997
5163
7560
5809
9643
6361
6919
4215
166
3751
3009
1826
394
3353
4786
9463
1147
7724
9674
5140
7135
7824
6724
8936
9277
200
4323
8905
2175
1035
8307
8808
9183
5513
6155
5101
7995
4190
8683
2986
7202
2706
4599
22
1048
6737
9782
6013
7788
7373
3587
2751
2235
7602
6147
8661
9244
9434
7178
3651
9432
3957
245
5676
4579
1671
2764
6213
3466
4997
9656
1713
9444
8496
6912
4140
8731
7723
4045
3044
5560
8158
8673
3451
8641
2805
8802
1563
3140
5655
8746
6922
7927
6354
5534
777
9631
3405
4652
4941
1728
8888
5061
1795
5704
1768
3653
4395
9893
6189
5745
3472
7814
2969
1533
4032
8877
1382
4456
2148
7003
9569
376
1742
78
3462
2873
7526
2258
8679
9571
3337
5673
4473
3280
5457
4587
7260
2844
8264
6668
8688
6994
3339
5707
9779
2513
9138
6538
8384
5649
3098
7881
9426
2576
9691
3356
2199
6924
2557
4320
2387
7099
89
6885
1540
2032
6521
1698
8917
8516
9263
1798
4802
1905
5057
369
8258
4217
5078
4969
9153
4958
6307
3982
347
4436
314
9620
5219
8902
60
7801
5507
6412
188
7951
6190
570
9366
2749
372
8028
6021
6576
6162
5962
4837
1841
9772
7554
7069
2259
9865
868
3889
9982
4162
4659
1164
6879
5493
3912
6449
1022
2958
7754
3724
818
2441
1647
155
2
4606
8535
1486
1404
1706
6127
9675
2911
7098
6258
7908
1877
564
6543
4810
4575
1353
334
7847
4384
197
3425
7960
5162
9278
4675
4214
3326
4328
3424
7743
413
4348
7812
7025
3037
9932
5681
9855
4404
9582
2083
7041
9903
2962
1467
5316
9266
33
7924
5506
5066
6102
8569
1455
406
3388
4277
9225
3113
2784
8901
989
9602
5942
2100
6300
4426
3445
7409
4704
1296
9757
5220
2160
9218
8579
2648
8151
1430
4021
6406
5194
2255
5402
3008
8957
6553
684
7097
629
1509
5362
2800
2432
8136
838
9708
6517
7683
6938
6752
3511
5848
3151
3707
1274
7215
8208
3055
5716
9343
4848
2756
8050
7225
4539
5925
5157
215
3248
7352
9109
4066
2936
4067
8024
7446
2878
3788
3721
951
3784
2012
9672
8087
244
3718
1375
7009
2838
4640
2469
8565
9844
5533
3241
5294
5686
1209
9925
4981
1440
7947
463
3286
5703
1281
5832
4709
9842
2045
4962
7297
6746
1221
9630
2816
7244
9132
8886
8201
1118
3285
7674
4048
6979
652
3438
6232
563
797
2793
1146
2287
5612
4547
3979
144
9007
4310
2270
7353
4772
8302
1232
216
8514
2184
4015
7680
1259
9851
6312
4761
6511
5001
8682
4977
5858
6597
9785
942
2060
4020
1143
2619
3185
3882
9418
3992
1432
9562
457
9368
7142
2617
6338
4303
9385
2541
4649
4444
3871
1470
7771
8726
3592
9274
4782
5291
9173
2955
5674
7516
2686
5319
7713
390
589
6106
3981
8146
3213
558
5007
7230
28
2171
9774
5459
1114
4191
2321
9798
2671
3116
4633
6844
6034
4385
9642
5180
7164
3011
3704
1875
2615
2834
9868
5756
5225
4238
8185
9160
6075
5828
7631
4717
8252
9565
2065
287
1811
9209
5212
8853
4845
3071
7878
7263
8662
2813
4968
5137
8687
9341
792
9821
5748
5804
6411
2399
5922
9689
1489
7870
987
9800
2111
7323
439
542
3743
4304
6003
5238
5502
5866
1046
5843
7630
7587
3358
1983
4884
2981
2483
3974
907
8712
8942
1818
7305
354
9295
1583
5644
9797
9942
4756
6130
993
6807
7412
8959
8617
7610
1619
5525
823
6236
1887
9717
7710
7549
6335
3091
7422
1646
6766
2125
2853
9977
670
7939
3184
682
4814
7181
5483
3203
4221
927
7362
6853
7557
5731
8138
4724
6138
2190
5472
5054
2777
3521
770
1257
5820
1871
6565
4989
575
6568
8958
9957
6858
5505
6567
2396
4650
645
3121
3647
7623
1092
9149
9775
9759
2210
6273
4333
145
2476
8079
5515
3943
3428
6909
3459
6129
4427
1916
1130
6973
3600
7943
2510
6563
7235
9682
1549
8708
517
6064
3983
4843
3360
6997
101
2868
7586
2889
1159
3272
3642
6308
8488
3866
6727
8209
5256
3289
7208
7577
2481
8745
2663
6672
7898
3884
1307
1609
5900
1908
6659
7519
3441
7163
6257
3538
1170
2289
9596
8584
1413
3092
718
7078
7829
5165
8044
8689
7039
8214
6179
3322
1759
5005
6173
9795
6333
437
3223
8861
2885
8276
3107
1349
4689
1892
1830
8212
9617
9592
9363
8872
1041
4507
2464
4337
1809
687
6706
1042
5293
9250
1545
3344
3736
4301
9973
8558
6267
5561
3370
1236
3904
9155
4435
4501
9834
7200
7420
3170
1276
2063
7344
4990
2322
1488
4461
6499
201
6014
4874
209
9421
6832
7472
4891
5945
3251
6452
7573
513
9508
5189
1723
1536
462
7778
8979
2665
4365
9141
1506
27
6594
6468
6970
8462
3626
2105
3581
848
5160
2903
659
5421
8991
2830
9947
7473
911
5312
3560
811
5222
3448
5825
7332
3891
7365
2368
194
1339
1868
4682
6063
2811
9318
6015
6183
5290
9334
2988
3324
8809
7817
7624
6764
8778
8904
908
3389
466
556
4604
9909
2467
4808
1981
9961
8013
1362
1876
4471
299
6062
4443
2356
9077
408
4924
7553
6293
4555
5184
8363
837
6185
2119
5522
7497
9372
2209
8711
8301
5625
5218
732
7094
8078
3120
2673
3292
5245
7491
2205
7827
4826
373
8903
3221
5364
3036
7697
5166
9144
5023
9204
8029
263
1238
3823
3001
9639
6749
4400
6531
1512
9336
3279
6988
5302
9518
3971
7547
4056
4847
4653
4892
6431
4670
1750
3082
4890
3675
3193
1882
8016
5118
5346
7845
618
2074
962
1797
9242
2997
6671
1926
8398
4073
7766
2078
26
9496
136
3408
2155
3514
41
9101
152
2606
6632
7764
9058
7781
8571
6947
1000
8039
5948
9279
3864
5615
9888
2792
7356
7463
91
5775
1760
5115
3499
6941
8440
8375
573
6544
7843
1408
7581
8736
665
1454
6111
4025
2151
5899
8314
1263
7779
1369
9663
9084
4228
3127
8612
8405
2717
568
4865
8448
5073
4885
7430
7989
4439
9408
5606
356
2879
3075
924
881
1002
4949
1690
9055
1051
7777
1507
7376
7769
7429
7304
1391
5243
7018
1075
18
2085
6252
9203
8930
5187
4809
9702
7759
625
9660
2732
5030
875
9307
2410
5434
5373
1492
5360
3168
2902
80
9404
7248
5609
4532
8557
8611
8829
4218
1626
3965
9919
8161
626
6122
2589
8838
2185
2750
2596
7543
6891
8069
5151
1256
2930
1738
8057
2540
6586
4820
1197
6405
3618
258
6260
1284
5271
8633
5494
2117
4352
3977
409
7525
5619
8863
6976
2768
7599
8098
5875
9814
8027
6466
4326
227
9611
4543
5722
4382
5174
4645
9391
4727
812
3154
4224
7793
676
3555
7285
9517
882
7262
6839
8533
8491
6202
6006
2042
3542
5943
1769
6245
5235
4685
2679
9889
7617
2337
9831
9470
8869
5387
6166
4716
6676
7861
7123
2239
9313
5852
9992
1010
2497
2442
6728
2946
864
8666
502
2452
504
2324
3654
8856
5480
7000
1184
5608
9502
3385
6967
9688
442
3023
3024
8857
5416
1270
7638
4457
72
29
9411
9857
3026
3873
3716
9751
2941
6984
9589
4401
328
4459
9078
9810
3118
9060
849
1792
2895
7662
9320
4345
4510
8527
1958
4112
4906
7998
388
1323
6539
7510
3806
5889
8193
9182
5742
5841
3843
7503
5076
5670
8879
321
1427
7672
6008
7969
6321
269
3244
6571
6471
2459
649
6408
902
8840
2132
3969
6053
3559
6136
8444
7475
82
4636
4536
8797
4840
7837
6254
3551
5966
6921
4842
2025
1352
4819
3831
395
226
6475
8099
1015
3566
7209
913
317
9976
4857
8274
3585
3536
9200
8927
9900
3764
8966
6555
5474
520
2277
5770
9288
1686
3793
7445
1584
7656
1814
7919
5049
7484
320
4216
4232
9519
3876
6248
1953
8789
3029
3837
6492
7747
3070
9846
6199
1320
6585
6028
7195
402
4617
4896
8262
6823
1854
1224
509
3316
3373
9921
8205
7498
552
6309
766
9543
4220
1696
9220
8196
5021
6420
6631
3195
1163
1477
1295
3025
8167
669
4494
4748
2404
6666
6804
2869
2862
4477
4360
7032
3383
2238
6206
8918
1287
2227
7712
4468
9319
6739
5806
1195
7368
8058
187
6806
9300
2388
1582
1189
698
432
2993
207
3546
4607
8170
1667
1964
5451
230
5835
615
2393
358
8983
7616
3580
1984
8890
3947
5902
979
3989
7121
8434
7079
8124
5921
5171
1416
6203
9330
809
8117
2612
2412
9284
8456
3368
5559
3615
366
4206
3365
7922
8351
8316
7668
990
4785
5048
7303
7129
2159
8906
7597
2047
3382
2881
8910
6957
1588
5328
6726
7329
8344
9020
8423
249
7111
5244
7946
3659
7005
308
8182
6039
7515
5970
8801
5530
2978
9684
1610
385
3768
9280
2893
5481
6535
3693
4974
8768
3847
1589
5097
4732
5193
8482
7644
6963
2152
6694
1985
5132
9074
7555
2282
3741
8095
2492
9964
7639
2525
8896
7884
5618
4103
1678
6343
5247
4698
7726
6181
5368
4742
3688
790
7383
4005
5274
8166
1898
2082
7074
6413
8785
8180
6774
3913
3829
6629
4600
4668
8583
5647
3287
7451
5555
6503
2375
7695
7245
4765
7174
7338
4368
2068
4433
3902
7806
4991
1131
900
9383
8200
8269
8104
8532
2062
8442
9070
7081
5574
6773
1945
5552
6611
3150
8470
5768
2733
1625
6131
6564
4127
5680
9813
3246
8960
7734
1484
6735
6698
8691
6026
6336
2285
643
920
243
1806
5949
9112
944
5774
3657
5998
8371
1252
7879
3805
9396
5341
3508
9840
5706
5576
5288
5345
571
2632
5234
4926
6716
1997
8816
3396
1080
4128
403
710
8046
5029
1922
1654
6200
4199
1747
5992
8950
8285
5814
974
9513
7708
9331
7382
5666
4138
6792
5423
7900
4917
742
3085
8810
6986
7291
2603
9066
9460
392
3239
2015
5269
6491
9748
9053
706
7864
4560
1990
3630
1326
8133
594
6099
6542
855
8980
7371
3682
8101
994
8937
4612
2509
9344
4423
1429
7234
7358
9283
9980
100
851
8544
4766
834
5801
7605
817
8699
8190
9595
8549
2790
8621
8985
5934
4815
9399
173
9467
2664
8062
9369
4376
5886
1802
6674
6478
9476
3862
5074
7223
9912
9749
5684
887
1226
873
6810
7776
8383
7595
8478
312
4583
5435
2520
1600
9345
6192
2991
4779
602
8822
4446
4836
7567
5019
6651
5819
1659
9958
1422
5973
6265
9359
9605
4856
4302
7138
2418
9497
5158
411
4585
5840
7978
7539
688
7923
7115
8007
7768
3935
5009
5956
4903
3111
8969
9986
9875
8715
9010
6907
3841
4458
2518
6606
6693
3040
2187
3495
6462
9350
2503
1627
8893
6952
1194
4275
4825
8091
9222
5252
2514
6070
9655
4556
4980
5636
2646
9224
9116
7182
5953
8174
9636
4327
348
6710
8283
7308
313
1008
4911
9836
7499
2855
6761
5357
1503
5414
9936
7720
5380
6498
2957
9193
8923
1637
7050
8786
5893
5750
7468
2039
338
2810
889
2848
3894
1547
1465
46
2604
7505
6757
2896
2271
4200
2565
8210
8447
5542
7663
7839
748
874
7366
5989
9119
250
9181
4386
8590
7390
7180
1068
4006
477
4558
6404
1816
6320
9376
6980
2048
7227
6552
9780
8066
259
4821
404
5964
5588
8934
8913
2250
2425
2687
1932
1856
978
4745
9659
9647
3732
3602
6172
3384
2094
8607
7403
5855
5122
4413
8449
7022
3617
2710
3761
6554
603
6069
1729
9400
956
7474
997
3444
8562
1656
7854
6198
3315
4971
8578
5905
1136
202
5853
9692
693
2836
3668
2588
9984
3845
7176
9420
5794
9985
6156
3975
7746
1482
9830
1011
7696
8321
7675
880
9832
1389
71
5452
4417
9854
3250
6778
5044
3868
5721
148
744
8622
4557
4867
386
957
8033
1516
6259
6457
5834
9115
6673
1255
7161
5709
4466
5955
9008
2718
7566
8554
4160
3261
1128
1334
2294
4551
4068
2697
9413
4523
1942
5565
9837
9075
1439
172
1243
9815
1040
6384
2735
5112
8498
5986
417
3038
427
3767
9240
2624
2910
9727
4041
9707
2107
5683
9960
5199
5227
1121
9778
9776
7059
7755
2161
6805
9022
4329
6699
8077
5547
2477
1409
4469
6428
4460
4639
7956
3332
184
3442
2925
7328
3169
9232
5769
8432
5342
2438
7428
3206
8537
6537
4170
1411
5318
4703
535
5146
1903
3174
9326
3354
2657
4565
8814
8450
5260
1968
636
561
5330
6630
8817
2571
7381
7931
8023
3851
2334
9308
1535
1612
4334
2586
9157
4751
3799
9978
1412
2656
5355
893
6380
5691
3112
3304
6507
8700
3777
8293
3885
6566
8512
2319
9866
1697
4794
3218
4197
8782
8410
763
9559
7372
829
8550
25
1061
5401
2506
4881
3503
3238
4094
4893
3856
3755
6371
8241
9607
1949
3720
9245
5100
5699
5735
1777
343
8395
6796
5856
9124
5458
7568
3359
581
487
2867
3160
6402
8489
141
276
921
4505
2672
760
105
3183
6370
2960
5344
2999
109
4970
9931
540
5279
9546
3226
9355
4144
925
1938
8229
6803
8945
7479
4886
1708
1027
8191
840
4053
4701
6224
6399
5725
4571
677
5700
892
5226
8472
807
1098
704
237
694
3028
8074
654
2021
8734
8830
3833
2592
7753
4155
3558
5110
4390
3667
7464
3307
9445
4753
8769
7264
6079
1652
8920
6481
6857
1090
9818
885
6526
3298
9292
9768
1869
1937
6086
6061
3232
4760
4407
3018
1474
4317
9227
2939
2145
9937
1998
6915
3108
7678
5046
6266
87
3949
7615
8156
6314
1491
6899
5149
8162
6923
1904
8060
9860
9484
7256
253
4678
3552
6059
6073
4058
465
2970
6346
4910
133
5397
5382
1810
1241
9573
5310
4036
9746
6056
8892
3485
3139
6159
6948
4629
9395
1677
4954
5450
3414
8463
3914
7524
330
6288
2613
9945
4087
7596
9298
9534
9479
5499
9585
7395
4465
2983
9202
936
9822
8592
9679
2580
6225
5777
5431
6141
2325
8359
5311
4933
3255
6429
5815
6024
7535
6786
9705
2726
6418
5343
1613
7888
7634
9755
4804
9583
9338
1847
2900
4693
5935
196
765
8686
6779
1160
518
1598
1751
8178
5408
7222
7380
5035
189
4116
9145
3450
2453
2529
1519
8735
2954
5358
3516
9156
8914
4198
5626
4071
9661
8704
7982
8759
1774
4084
539
7815
604
6692
2203
3443
2822
9736
4798
6463
7825
2197
9035
8411
7108
9704
3211
5830
6592
8254
9122
5600
982
7027
8596
7811
3586
7968
4569
2030
8380
7836
9493
19
2994
7277
5045
6117
3199
4497
9512
2568
3320
6711
8887
251
161
6557
7932
1815
8415
1383
7237
7141
4789
4131
6177
728
1923
2430
420
6329
1325
6886
1457
5014
751
3181
5449
7145
7550
3513
8250
153
5404
6113
163
9094
2776
2414
9726
9021
1181
3179
1636
4151
9633
521
8654
703
7742
7763
6037
8356
5259
480
7770
7343
1739
5120
1987
9581
6042
8737
8827
8477
3567
143
3985
584
9969
4887
3048
2704
3738
9771
9316
7953
2683
5671
8794
8041
9125
4759
9878
6794
9777
7670
9069
3948
4002
7015
9072
1496
8053
8485
4611
4635
47
2594
6032
4264
3763
8394
5489
3899
6628
5757
2661
1019
4577
2177
7511
4422
9905
8919
3016
5080
5200
5441
288
9763
5732
4312
7105
4723
7288
4506
9896
9828
5737
6082
1305
3624
335
801
8222
1858
4106
4833
6762
5714
2609
6139
3493
9597
7961
5086
2003
8240
1849
714
1244
8605
7545
810
2524
4591
1633
9015
525
7537
655
193
8310
3390
1765
8591
894
3655
5994
5381
2338
7191
4347
7933
5773
242
9471
1356
2894
9560
2546
6212
6533
468
3317
683
8717
4528
74
5367
448
8894
2158
930
9767
2471
8818
5154
2923
6465
175
3807
5995
9786
2429
5885
6278
3998
5786
1424
7970
9458
8792
6108
7415
6624
2395
6104
6609
6906
1206
9435
5142
6334
1162
6925
6328
2736
620
5938
4871
4306
7901
1056
1648
2084
1579
5281
2600
9314
8924
2582
5500
8184
7419
1515
4176
5620
6911
9049
5242
2016
8556
2311
8105
7051
7241
664
559
2390
4976
7272
8388
1935
816
3455
8576
7606
9028
9100
6296
6381
7211
4945
7033
1222
6035
9894
7783
3252
6679
6415
8132
9082
8364
6171
498
2006
5305
4672
1878
4774
9175
8518
3457
7417
7315
4316
423
947
6763
819
2630
1902
9537
8525
5940
8338
9533
6019
7941
6092
7652
7523
9743
2496
4480
6901
5958
4063
3275
3690
4295
4545
3987
2226
3157
2574
329
3064
586
9473
1733
8010
1531
8634
7741
3133
3678
783
515
6512
1943
2443
4283
5210
1303
8340
3597
633
7369
8671
2623
8881
778
3749
8972
2165
2346
1282
8534
7802
4270
3994
5645
2921
730
4117
3228
8511
3328
2728
7219
7509
4043
7529
1485
484
90
8172
3209
572
5448
4016
2543
7294
7507
6289
4920
1840
1734
6160
9466
8389
264
6758
77
306
5908
2508
9864
8956
9113
7377
9869
4713
1469
4243
7585
8295
4593
6234
2135
1275
815
9388
9787
318
9090
1104
1037
1594
3314
9706
5581
281
6977
4137
8548
2261
904
9683
4406
298
4644
3002
6834
5648
4077
8469
662
6732
4947
2611
8638
2721
7699
6270
8657
9520
2901
719
1587
5265
6261
3783
9348
4009
8131
2746
2278
5727
5087
5654
5476
1190
4146
3378
219
2725
1521
5420
4356
2904
1378
8435
4375
1086
1794
3776
9030
6523
7175
3916
9995
1331
4853
2554
4242
8926
3237
5379
5504
1867
9354
6114
4293
3773
1888
8357
3416
6944
526
6888
3094
5617
7226
5092
6390
7103
3437
3676
7299
8336
6813
7238
8115
2071
1525
5237
9005
528
2640
8278
3893
3404
3933
3270
6253
4955
446
3042
8439
8555
351
2668
3509
115
8573
8001
9043
7379
9096
2232
1924
4550
7823
9430
1969
7558
6196
9790
9898
6424
3545
9668
9342
2240
3461
4854
8326
7271
479
8233
9658
111
1067
126
7261
7075
9349
1100
1577
2688
2297
8188
576
3267
803
157
7889
5173
8385
307
2336
6897
3375
2423
617
4719
3068
8834
8061
2593
2548
8030
6589
4276
1805
8320
1451
6725
7885
6007
2163
929
5410
4882
9154
8749
5807
8992
5796
9823
3892
337
7012
6302
3674
1442
2272
1220
6451
943
9128
2744
297
401
3483
6011
6116
9029
8946
7512
9486
9527
6051
9698
3857
1679
727
9514
6310
6608
5261
4876
6814
733
7751
6241
4172
3936
7452
1808
4212
9623
5439
220
9877
1552
1974
8350
6375
1175
4726
5951
5909
8431
4684
7198
7784
6436
6483
238
6701
9966
6046
3177
6881
2932
2832
9574
3734
6473
9645
6407
3923
2196
2695
2028
6469
6715
6188
4321
6027
1971
5304
5484
5133
195
5255
6145
7531
257
4580
5679
1280
2674
5971
8441
6218
8073
6617
2818
8701
781
124
8580
1444
8824
966
8244
309
1081
50
958
8406
349
8694
5884
1801
2385
6982
4039
8695
2333
3283
9536
4883
4827
3273
490
5616
9062
4729
5374
1004
4105
44
2252
2096
7024
9133
9417
7564
6729
8642
2036
3224
5442
9637
6603
8148
2286
4807
350
267
7210
5428
4425
8771
6290
965
5604
2076
1780
3480
7890
5437
212
2176
1910
916
3346
5324
8281
2961
2408
6054
4715
2498
9990
4589
5918
2283
170
4409
7453
6684
9500
879
2103
3453
2328
1641
9004
1726
4667
8235
327
5763
4075
9760
6472
2987
6783
5603
9134
2693
2369
5216
7909
6395
7883
9662
9427
6454
2849
9059
1423
4602
6675
5602
9469
3712
9856
5857
4122
1863
4381
1914
7578
1283
8832
6518
4412
5557
9450
4647
5470
6613
841
1148
4746
7056
7439
2924
707
9449
1682
6939
6946
5130
2919
8947
7467
8987
2781
3124
2734
5976
8454
8874
9002
2116
6238
7418
9093
6235
2302
9651
731
2397
7985
9690
4339
7945
1456
7852
5282
9239
7331
3380
9171
374
708
4010
7443
6621
4561
5501
8784
6002
167
4061
2620
1036
4184
221
222
2188
5672
4687
5378
6356
8845
7147
8940
3709
1350
9558
4121
6855
7966
674
5974
7346
4582
3144
4660
6009
8836
8360
3692
6322
4526
1376
3352
6860
1174
6432
4834
2926
453
3950
9063
1662
9632
6851
3596
7139
3266
8109
9051
4679
79
456
5147
852
1950
3240
2771
75
3047
7485
4475
3779
8536
7640
4235
527
2572
4157
4152
8265
8409
3020
9817
2645
2821
3433
9934
721
6502
1821
5746
6341
1880
8696
1954
6077
4393
4332
7243
9719
7107
5821
497
234
9057
7856
5405
7058
1436
9644
5895
3606
6987
798
3800
353
901
1538
9168
8471
7673
6998
9461
5630
1237
3787
3165
2875
1028
8547
9260
9618
1109
1893
9996
8019
9398
8608
5053
3684
2544
8873
9841
1490
156
1909
4478
9819
7937
9425
4288
8373
4781
4180
6929
5398
7868
8446
5568
4088
2024
1502
3543
6382
4828
3960
7008
3578
1055
5927
779
8221
8939
6167
4489
3205
5957
7894
1394
6450
4090
5164
5919
2394
43
5135
6731
9849
5062
9967
4115
6993
7454
1644
547
4281
9456
1764
2057
4548
2545
1272
8693
9501
3491
6540
1453
3093
2347
9262
7807
8703
5027
8003
5537
9521
3518
375
6337
5678
8051
9669
2208
1312
5573
4411
941
3200
6705
1595
9492
3004
681
534
2898
5749
8376
7250
2303
5695
9700
9784
8323
6081
8134
8625
3258
38
2890
494
8211
8047
2583
9884
8631
5785
7658
6961
7980
9251
6157
8566
8458
1185
5277
9703
5599
635
4504
5512
705
8020
1712
2300
9853
743
9858
4590
3687
7686
8480
3061
5528
3875
4925
1390
2823
4476
4286
4503
7410
1673
9282
9998
4194
3683
640
6529
1758
6515
9358
8346
4559
8464
199
5314
5529
1511
8599
6767
5667
1078
5371
6643
8597
9963
2374
8034
8977
3549
1254
8036
6661
55
1756
397
2956
8669
5467
548
5651
2457
4803
1665
8502
2638
2791
5114
7370
7072
4796
2578
6620
3095
3464
1500
3879
5
1214
6755
4615
6861
6095
1681
8414
1049
7666
2222
6249
7874
8685
3924
436
2133
6414
9904
2870
1279
9599
2066
8345
4706
1294
1071
2796
1494
5298
3775
5509
5497
2501
2949
2046
8298
8676
443
268
9265
7279
1340
5438
3910
2178
3646
3153
7085
5486
4932
2136
6135
5961
2719
6822
7287
1311
6634
1156
9949
4392
2972
6043
9226
9739
2372
9099
2241
5987
3547
7010
6298
5104
3810
6818
131
9347
9981
8586
8723
1234
2326
9378
9578
4952
2040
8831
2488
6191
6163
5050
1548
1314
4123
1034
1387
2112
5932
1884
8322
5698
1211
7251
3208
3056
1606
514
57
2500
9275
2897
1695
4250
1218
2350
3201
668
6068
4408
1770
4662
7157
574
8004
8733
5258
3302
1864
2745
4163
9024
5207
2975
9223
9680
862
3883
8561
7840
8752
8224
2276
9052
4515
832
2622
2191
3204
3079
239
5883
1088
7659
8973
4923
1338
6914
8520
5012
7351
7917
4353
8978
7899
4816
928
7047
2865
7842
4023
2108
7125
1327
4511
8531
2070
5880
4691
45
6747
2069
7732
5842
9718
178
4156
4083
5090
7705
8510
8018
1335
9110
4437
6392
7952
4202
3905
7915
4641
3494
4894
3792
8805
8989
2651
7083
7300
3791
2033
9965
9681
5779
4113
7274
7150
7513
9234
8743
1113
7808
7541
3062
4330
3073
6846
9653
6262
2950
9047
2769
3620
9253
9264
289
5535
9433
8263
7341
1778
419
4711
6859
8481
5983
6840
1332
8909
9177
2029
93
8663
6841
1846
4314
1915
1839
3990
878
5024
8754
9249
877
560
4325
8528
2010
2244
2202
8505
9170
623
673
8668
5969
3781
469
8889
2621
3649
5170
6194
8523
9076
174
2288
4811
3838
4167
4126
2801
128
1718
5183
7055
1570
8457
9714
8826
3192
6835
2689
9953
4946
4227
7120
8762
5692
2264
8999
4168
4398
5813
6532
6286
9498
5084
7392
1787
896
3084
9215
9176
3343
1498
3844
7076
3953
4922
1702
52
7224
813
2984
8990
8880
8842
762
5871
642
3812
1596
5169
3701
3197
7082
1379
2512
5339
9491
9241
3686
8922
3729
2976
3932
3645
4598
5376
6182
7385
1838
7714
3066
6152
5980
9290
4247
4863
3417
9451
129
3633
123
6497
865
8347
2415
3631
4430
7441
9624
2773
972
7031
970
5232
5384
1959
6599
7689
8225
5469
8282
1522
1501
4915
4241
4308
4500
6233
1178
7217
2411
5924
3752
2675
6574
6400
6931
4681
6178
4838
5597
294
4341
1005
2448
5784
2313
5865
2491
6362
605
9472
2892
8742
9756
2720
4603
6581
8461
7551
1529
3815
8513
1885
2092
5977
6482
1414
9827
5661
9259
4294
2138
112
1831
4195
4563
6501
1651
2023
4079
7872
3449
4394
3482
702
7194
7826
4562
2782
4387
3715
5944
1371
7450
4292
7536
1658
821
8648
5051
4181
3908
6094
9993
2248
7552
853
6285
2139
5767
9120
1711
8655
6357
1832
5539
2887
7029
9788
3230
4993
2931
1966
7459
6847
1554
5805
7612
9257
1897
1767
8119
8025
2037
7119
9243
9907
6360
8846
4449
5728
2013
9327
9337
6
8436
3357
8524
1800
2296
6276
8067
304
9724
9402
9033
6089
802
1676
6951
1870
3400
1543
2417
3789
1077
1939
7748
9014
229
59
8251
5303
8081
4656
5388
5879
5878
1812
5003
5301
1975
8362
8223
8055
1978
5487
2653
3162
4296
5217
2360
5060
8929
4026
9184
3634
2566
9553
3996
4524
9591
8368
3565
1155
5578
7434
4805
1102
1310
1741
5436
2204
3506
4038
4764
1271
4305
7580
7335
4812
9384
8719
2466
8815
2110
290
1900
2564
6669
3533
1233
999
8311
8732
7981
5985
146
830
1487
3186
4258
5440
3548
3928
522
5959
5393
4692
866
2968
8582
2254
1261
8560
2917
3125
2407
1603
1973
5531
3135
3097
295
5744
7242
5637
5363
1373
6635
2246
2703
4570
4380
6085
1213
9887
5250
3621
952
1786
3672
8540
6771
3525
5551
7019
4508
4237
2842
3834
5818
2440
2817
241
3058
3575
6083
277
5038
1003
1168
5065
4951
3003
6486
6352
3583
9180
8267
37
5108
9462
9441
7740
7693
6577
7252
3334
1398
430
6717
2747
4185
739
8107
6745
8163
3643
8317
5394
789
7715
5975
3103
9766
1381
4775
3689
4567
2922
3418
7438
1891
4351
5278
8963
6012
755
3236
3051
4860
1569
9563
8429
2629
8932
8315
5837
6527
3321
4280
4542
3432
3291
4546
4229
616
912
4632
5185
1725
8629
6723
9987
2979
1107
1448
2883
8082
9732
8071
5179
1399
7492
5978
8692
1460
4960
544
8125
3557
3015
475
7007
8811
8820
3759
1907
5336
8593
5182
2858
5488
3765
5456
3660
8207
4062
5064
1405
7404
6364
5570
9640
9567
7609
1581
740
3130
7819
609
1388
4944
5196
7034
6895
1120
591
5963
7767
8112
1873
458
8402
7364
4479
6828
9201
9626
2233
2130
3019
9474
2433
8773
1064
1604
6866
2952
8331
305
4031
3991
9346
2803
9734
8677
9641
4208
370
4040
5663
1074
3484
8645
4984
1622
7987
1212
5347
3614
8567
3277
2366
4001
2260
4018
8643
1933
7902
6277
8465
4037
6870
4102
6642
6373
9930
5726
8721
1050
9286
8426
8680
2912
8490
8507
1299
4514
634
701
7848
723
3312
1316
2570
5765
7929
9943
5473
7873
1822
5741
8970
1980
5083
8245
5177
8238
5696
2759
9136
9482
3706
7301
1844
2307
2290
1735
7504
8495
3308
7406
8164
467
6326
7977
1127
248
8297
9971
7423
1879
1704
4914
6657
7220
9535
8517
4832
3319
7786
9695
1177
5270
9148
9859
3492
9477
6453
3249
9587
4879
2533
9740
6048
537
1575
8255
7218
2527
5760
7994
8484
7400
8002
4767
2758
3132
7660
1896
6959
9089
8273
772
8965
8428
9586
6487
9603
9127
6953
729
871
3970
6658
4877
2154
1597
9892
3413
5411
6096
2591
368
1722
6787
9103
8568
6458
6425
7165
2502
5426
8438
9554
3517
8445
6140
7496
1246
9809
8884
6873
1694
3276
8839
8149
4101
1537
6654
9975
793
5873
6038
3880
125
808
1982
4030
2317
6999
679
2490
7944
844
7170
3109
1550
9557
8497
7863
1710
7042
1634
3190
7413
1608
2555
6280
1504
9712
9713
833
2405
6811
2809
7367
992
1385
8993
4738
3489
3920
764
1605
6898
937
1053
2449
1827
5306
7548
1377
9424
2343
5656
4538
9023
7632
1059
3708
4855
5490
3803
7118
2348
262
2953
1106
9291
1264
6456
854
4750
7043
6211
5904
7928
9540
5711
9213
4358
7844
9733
1007
7633
8052
4835
3391
7979
1757
1663
303
2857
8678
1268
6874
7084
746
7317
2780
3696
1986
6246
4153
6144
5776
162
3059
3477
3550
3629
5907
7289
5719
1927
110
67
6060
1437
7168
4624
2595
6825
9528
2455
932
5326
6143
5580
4763
2785
1459
9677
6800
2147
5520
5239
758
2547
2118
557
7805
285
3576
4866
1617
3579
275
2705
9086
5134
9333
1852
4419
600
4134
9615
5241
6827
8171
6331
6440
1032
6636
9646
9710
7065
345
8367
4901
4300
6575
2142
5913
4397
4089
8216
4594
2320
2824
1571
8228
3278
272
3446
1415
2168
8738
4574
794
6990
6391
3537
7903
2370
2017
9297
3796
8651
6551
2535
6937
8526
7116
614
2014
6550
923
8639
5052
3045
6878
7816
6863
5984
9825
995
4994
3507
213
6240
8975
228
9568
8386
1912
3951
8000
8564
2699
4671
2905
440
4595
9481
2829
7247
2223
4610
3746
6584
3202
8623
6214
6625
6237
3500
6830
1481
4929
8681
7921
5317
7435
7818
4223
9013
9032
3129
2737
2973
938
9106
9935
1586
5518
795
8791
2002
4231
725
3065
300
2741
4470
6369
711
551
6917
3143
3486
6562
6385
4927
8543
6856
1441
5283
7593
3156
914
42
7869
1154
6809
3434
9064
8588
3632
6184
8306
3739
2079
9941
5356
5071
4463
5802
9572
578
1043
2730
1304
9
5838
2095
1247
1732
9541
3735
3582
1315
2971
888
4642
4975
4226
1473
5831
6678
6769
9088
6819
4273
8054
1301
658
6936
9593
2738
3677
1995
1302
1300
8183
6590
3069
4164
8219
7942
6619
3535
5516
9080
9438
8246
8330
3753
5292
6633
4902
2081
7233
360
9829
4762
1199
474
2327
6902
2230
2120
3171
3628
9406
9012
4733
8473
3828
3770
671
7350
6078
7312
6593
4592
5771
7983
6548
9805
9016
9178
2089
1857
4737
6545
2907
1024
9843
4464
6614
9252
7589
5280
8504
2507
2797
8503
6652
1691
700
3658
1524
3412
6470
2965
9131
3299
3874
8925
8370
6605
8492
1348
3076
7186
7664
3897
302
3420
1855
5800
9478
7858
3839
7345
6916
1443
486
9302
2234
6031
399
3487
4
6843
4908
1951
70
2577
1031
5349
1988
39
555
116
3858
2786
1047
4410
4996
7556
9186
4776
5906
6342
9289
7030
1703
7774
4076
4349
21
4265
4370
1749
9006
8343
3158
5754
9054
6869
5198
8729
3479
2086
3017
6868
5810
5939
371
8443
10
1890
8501
6221
9876
9529
6477
6500
4203
6148
3534
3176
7307
5041
7688
3650
2599
4780
3210
2487
5827
158
5845
1125
8143
3930
7975
5511
3818
712
5677
8649
5276
7629
9584
7192
2365
8305
65
2558
3515
3915
8949
6149
5213
7661
7918
9041
3191
2549
4064
4983
5876
1269
4428
56
8740
3599
283
7570
14
5916
410
7636
7997
6510
1642
9794
715
9392
4784
4973
1201
501
5936
9665
663
9212
4335
7563
34
4771
3625
2963
2808
3490
5640
2267
8413
4553
7375
2531
1930
2763
6639
1167
1836
1542
3105
8365
3106
5028
9038
5593
1083
5633
7064
1139
4623
3826
4498
9315
6438
4618
6292
8259
9526
8948
6318
4055
8572
4788
3804
6403
5478
4424
7876
4431
8401
5123
4731
3731
3931
9152
2127
4364
3281
3488
788
7608
6974
8072
483
6626
977
2266
8748
2242
1731
8083
5430
7148
6044
1614
4665
7955
8982
3526
6271
6893
5829
4529
524
10000
611
1091
6489
5968
7974
2515
9031
8192
9036
8847
6667
1562
7122
7986
7117
7449
6368
5639
8756
8271
3611
3999
7216
7206
3589
8725
341
5510
3813
4474
7990
5008
7996
1023
5911
2026
3175
7311
4795
8312
2243
5466
3234
6033
8374
9796
6677
7257
1273
612
1791
7398
1828
2906
4415
9509
7342
2421
5138
1618
2299
3584
1601
8837
9879
512
2553
6180
8424
9407
6775
8871
4313
9913
7339
9556
8144
3005
2840
3039
4263
5273
7849
3814
3497
3846
2225
5334
3463
503
5366
94
2001
2102
470
820
4046
1135
6355
6153
7171
9118
4758
9783
9701
2382
2825
4541
9442
2268
4029
7690
1101
4429
3697
1705
8933
7757
3802
3041
7232
8883
3086
6966
7144
6324
5860
9371
3235
7201
1602
2460
2447
365
7669
138
4521
4677
1553
9575
984
310
8530
691
4754
5338
1472
5455
2820
1957
3421
6660
4728
5320
8421
9452
6882
9522
9872
8899
4527
2359
3345
2633
5391
6788
9654
6263
7361
3410
533
6591
5780
5159
9693
7648
7292
724
6378
6638
3006
8366
3288
7967
1207
3131
7584
4259
8658
8858
1683
8202
4059
5954
6174
9580
6294
7565
5538
7166
7321
7455
266
4749
137
1672
531
2899
9807
9959
1342
5897
3541
980
1144
5059
2584
9612
5738
4793
3290
9791
2636
9000
7745
4082
76
9261
51
7635
2195
9379
4888
5607
5444
3955
4085
9588
6377
4028
963
579
2530
2977
9017
7207
8080
7437
5228
8042
9370
2597
4904
6093
180
2670
4576
4496
6622
5759
3700
946
5236
6687
7258
3295
523
7314
9816
5795
4963
3364
6098
3313
7735
3422
2256
8199
8519
9393
7601
9207
4338
2216
4861
8798
3939
3072
2330
1039
1860
2463
5867
1014
6665
83
9606
9258
3577
6393
9044
3869
9211
4535
915
1837
3297
8618
3032
7340
3571
2891
7725
1994
2150
796
7204
3050
2914
7962
7309
3623
6837
1845
1231
8186
8626
1744
935
6146
1628
7026
3737
1054
5263
7540
4269
8761
6383
9604
3305
1645
8984
2511
2754
279
8656
7159
7067
4622
8022
1567
5068
3397
8247
2424
6884
5952
1030
8381
491
967
6433
4233
4051
4003
1025
3476
1266
5882
4673
5077
2473
4159
4777
1057
1203
1290
3155
9880
6230
860
3115
5036
7613
3090
1925
3242
6549
1082
752
1649
8260
4778
8217
6627
9545
120
6991
1354
5208
872
4309
9752
9335
857
6350
7011
4850
3330
5233
7709
5642
7627
3622
9638
2331
8772
3502
8032
3604
49
4091
2265
9731
3849
6742
9238
1989
3119
3563
601
2742
445
3710
9747
4597
9901
6396
6459
9906
621
2779
1230
9983
9305
6444
2667
7270
355
4858
8239
9287
7671
1165
9108
7389
7803
8378
8142
7733
361
9666
6845
709
5567
9130
9485
2143
4182
378
1223
183
5190
7571
5783
2274
2989
3395
8168
4161
607
8800
7254
1961
7110
4022
3530
5055
3972
3440
7295
5209
5093
159
5106
6250
8100
3393
3730
7481
5335
8541
2573
3323
5454
7619
519
8068
2480
4139
4895
7189
119
5824
4699
9268
4966
9974
7677
2850
9737
5119
7796
9018
7155
6836
8035
1793
9162
2220
1133
3976
4402
771
863
8361
5682
1635
7707
4027
5797
8021
53
8339
9601
6284
5826
8955
8908
9972
7963
8900
9648
7239
5572
2927
5039
4702
7991
4967
7388
3505
759
3644
3698
7461
8650
7935
333
8595
8111
6386
2049
2456
9271
1859
2228
845
9962
8341
2249
6645
918
2556
5890
3454
6272
2713
8988
1824
543
3363
8089
5445
5990
8730
4801
9034
6795
8135
1557
4875
5755
1687
1962
7483
6353
713
5892
3705
5664
4533
5782
8176
4522
7316
2886
5131
8854
5406
1123
5155
6274
7722
8935
1070
4389
2499
2767
2020
9687
5849
5558
9151
7654
5370
422
9483
2643
8775
4256
660
2416
8870
6332
906
8675
3401
1169
1861
5598
7758
2279
4869
2182
8575
5020
3435
7014
1397
550
2170
3473
8825
5201
1478
7442
5107
5947
1661
3733
3362
9918
7190
8337
1235
5743
8724
6648
6374
1850
8012
4905
9685
7880
4880
2472
4787
4049
7490
1145
2740
2526
7717
315
9914
9161
6397
6479
36
2180
5587
5047
2090
4072
8257
4383
1480
9294
4244
8451
6623
5067
8864
2316
5152
1755
1573
6768
2361
1400
2702
5485
7685
7576
6646
2739
1217
7197
1406
8335
5427
9401
716
9899
8474
1568
2485
6422
4688
8418
3262
1918
3540
3561
7692
1799
8153
7137
3652
7469
5793
2602
2601
5877
4616
2371
3496
9625
2181
3136
4769
2787
282
5521
3274
8419
2437
5751
2562
2058
7785
5089
804
4979
3264
4940
256
2616
322
4289
1258
7891
1297
6615
6833
134
7113
1919
9412
9050
9329
6348
6201
720
9806
5141
8070
7387
154
7017
2355
7809
7957
5223
1931
5764
1560
6052
9139
722
9488
3954
1366
9440
5517
6299
2027
2701
2073
6541
791
8766
6587
3460
7514
5526
1288
7349
2486
2373
1021
8187
619
8855
4311
884
8559
5022
6520
7296
9885
8574
734
7071
2942
9667
8860
2465
114
1591
6637
5808
4620
2716
6945
8637
3469
4287
9365
4158
7822
4841
3034
164
1572
1329
5017
3598
5372
950
7092
5591
3014
5724
7791
1225
4050
3702
7426
4342
5702
5111
9507
8885
7378
6670
1462
6644
8232
9386
2245
1079
4862
692
6883
7
1807
3966
3877
4086
1948
9608
9102
9550
3964
9848
450
7347
9676
2384
8552
3392
9579
6186
7500
6664
9627
9107
7337
4831
8122
478
384
2516
5031
7068
3271
6942
4060
6971
1894
745
6080
7196
7895
8665
7665
608
6680
5126
6686
5127
981
3371
8248
3539
6848
6398
4177
8299
1150
3010
2915
4934
8140
5072
532
6367
4455
3474
6426
4034
2908
1313
7102
1344
1298
5752
4666
9552
6647
7495
1853
9422
4484
9235
3426
1796
7407
7466
6303
4298
88
6228
3895
6169
1917
1851
6494
9890
776
5082
8466
8613
6559
5150
7832
2009
5747
8862
6838
2436
2298
5847
5583
5117
7134
5289
9802
8137
7506
4621
4491
414
24
3608
273
6604
4683
8120
3639
8996
4416
6913
8266
2462
7330
7249
447
697
3531
1701
7999
4261
2428
7574
8706
6962
3726
8931
9229
3872
3570
2658
2752
2444
9367
3588
9711
1333
438
3613
954
6579
5308
7691
8546
1461
4634
5541
5348
9217
8253
4846
9789
9938
6850
4482
4554
5854
3189
3859
8619
7427
1539
6525
1111
9999
5816
7860
7502
6427
3641
2618
2134
2179
8303
3918
3817
192
2114
6514
7044
9429
6759
3816
4978
1833
1889
6467
4517
3725
5446
7676
6506
1785
2194
6992
1825
5903
7236
2532
6864
2639
8390
8476
9255
3573
3243
7053
9826
2109
6720
8806
3282
17
8684
1616
905
6770
3780
3215
1126
6519
7286
630
5075
6887
2354
7965
2505
6697
4441
6005
3347
1709
6461
2200
3926
6161
5720
1140
5514
7433
8272
9499
1714
7106
4111
459
2807
8404
5063
5614
9056
6164
5929
5042
5851
897
2141
4355
8479
