99996
99981
99976
99970
99967
99956
99956
99946
99926
99923
99922
99911
99901
99883
99868
99857
99856
99856
99851
99812
99807
99806
99797
99791
99773
99771
99769
99732
99731
99728
99722
99701
99698
99697
99694
99686
99678
99677
99672
99666
99662
99651
99646
99643
99611
99606
99584
99581
99581
99575
99571
99557
99541
99521
99512
99495
99480
99479
99469
99462
99443
99434
99426
99413
99378
99322
99307
99306
99288
99287
99264
99249
99244
99236
99216
99213
99209
99201
99198
99186
99186
99180
99172
99169
99164
99164
99156
99153
99152
99150
99146
99145
99133
99123
99112
99093
99088
99073
99072
99069
99061
99040
99030
99028
99025
99021
99020
99019
99004
98998
98994
98990
98978
98969
98968
98963
98954
98951
98946
98920
98892
98890
98888
98860
98849
98837
98835
98816
98814
98803
98792
98785
98778
98762
98761
98760
98758
98747
98739
98735
98734
98733
98730
98719
98716
98714
98696
98691
98690
98689
98683
98679
98659
98653
98648
98643
98639
98607
98605
98599
98548
98545
98534
98519
98493
98489
98477
98477
98471
98466
98459
98453
98433
98428
98424
98416
98409
98378
98368
98336
98335
98319
98296
98288
98277
98263
98248
98243
98231
98224
98187
98183
98175
98170
98160
98148
98146
98136
98133
98131
98129
98127
98127
98124
98118
98112
98111
98098
98094
98089
98074
98062
98057
98056
98054
98042
98036
98031
98020
98016
98013
98012
98012
97999
97983
97976
97973
97968
97960
97954
97948
97942
97942
97921
97910
97907
97905
97900
97892
97888
97878
97878
97877
97876
97873
97859
97855
97855
97836
97835
97827
97827
97813
97812
97806
97761
97760
97754
97743
97737
97711
97710
97699
97699
97690
97686
97678
97669
97658
97654
97653
97633
97623
97601
97591
97586
97585
97581
97572
97553
97549
97548
97546
97542
97520
97506
97498
97496
97484
97477
97475
97465
97448
97435
97435
97433
97378
97372
97364
97362
97307
97305
97295
97286
97286
97280
97280
97253
97232
97229
97215
97208
97202
97200
97198
97198
97196
97184
97174
97151
97148
97135
97117
97116
97099
97098
97096
97094
97093
97087
97082
97078
97070
97066
97062
97044
97043
97040
97035
97025
96995
96985
96956
96954
96953
96939
96939
96930
96929
96908
96906
96889
96869
96864
96850
96843
96839
96824
96806
96801
96800
96795
96790
96776
96764
96753
96752
96727
96719
96719
96717
96703
96670
96669
96659
96658
96637
96633
96620
96619
96585
96572
96571
96568
96560
96552
96537
96533
96525
96517
96513
96510
96495
96492
96484
96474
96471
96469
96443
96440
96439
96430
96427
96421
96415
96412
96409
96408
96402
96396
96380
96379
96368
96367
96356
96353
96348
96331
96325
96319
96318
96304
96298
96297
96279
96271
96261
96249
96241
96233
96225
96168
96158
96152
96147
96146
96142
96134
96125
96123
96110
96105
96082
96070
96023
96018
96001
95996
95992
95991
95972
95970
95944
95921
95911
95896
95895
95867
95863
95861
95854
95823
95819
95810
95809
95805
95798
95796
95784
95783
95769
95762
95734
95722
95717
95709
95700
95699
95689
95665
95659
95658
95647
95611
95609
95601
95597
95591
95589
95584
95579
95564
95554
95542
95522
95519
95503
95490
95481
95478
95471
95465
95453
95449
95420
95411
95410
95399
95389
95388
95385
95382
95346
95337
95333
95331
95325
95305
95303
95267
95263
95261
95245
95238
95237
95234
95230
95220
95219
95202
95190
95189
95171
95164
95153
95140
95139
95111
95107
95101
95095
95091
95087
95075
95064
95064
95047
95038
95032
95027
95004
94980
94970
94963
94911
94908
94906
94883
94882
94864
94859
94859
94855
94849
94845
94832
94813
94788
94787
94785
94774
94766
94761
94756
94710
94636
94621
94607
94603
94587
94583
94583
94581
94580
94556
94527
94526
94521
94514
94511
94507
94488
94459
94455
94404
94403
94384
94379
94371
94352
94346
94335
94332
94329
94293
94276
94275
94273
94255
94254
94232
94229
94221
94212
94210
94189
94173
94170
94164
94154
94151
94145
94143
94124
94115
94114
94108
94095
94074
94061
94061
94037
94033
94032
94031
94012
94012
94006
94002
93997
93987
93967
93955
93938
93936
93936
93932
93924
93913
93908
93907
93888
93885
93884
93864
93856
93833
93830
93824
93821
93821
93812
93812
93804
93774
93769
93765
93758
93735
93734
93726
93713
93694
93689
93686
93676
93666
93662
93655
93649
93642
93640
93630
93599
93548
93512
93512
93504
93485
93479
93436
93426
93424
93417
93412
93405
93401
93395
93375
93331
93312
93307
93299
93291
93244
93228
93223
93213
93188
93156
93142
93126
93102
93098
93095
93093
93089
93088
93087
93087
93084
93076
93076
93064
93051
93050
93043
93037
93027
93020
93018
93015
93015
93013
93001
92995
92988
92971
92962
92962
92960
92926
92873
92863
92854
92852
92842
92842
92837
92817
92815
92808
92791
92787
92784
92773
92763
92762
92753
92742
92732
92682
92655
92654
92649
92607
92589
92578
92575
92554
92553
92542
92532
92528
92514
92483
92469
92461
92451
92446
92444
92443
92436
92414
92408
92394
92387
92372
92357
92348
92345
92320
92316
92312
92310
92295
92294
92292
92284
92282
92245
92240
92234
92227
92214
92211
92209
92203
92201
92176
92154
92150
92142
92142
92133
92132
92120
92116
92112
92102
92093
92084
92056
92054
92052
92051
92042
92038
92036
92030
92019
92018
92005
91997
91991
91982
91981
91972
91970
91961
91946
91935
91922
91918
91917
91913
91906
91885
91882
91875
91872
91859
91858
91823
91790
91746
91743
91737
91733
91719
91712
91702
91693
91692
91679
91661
91653
91652
91645
91629
91628
91624
91613
91611
91608
91607
91574
91549
91539
91515
91510
91478
91467
91454
91447
91437
91431
91362
91359
91345
91335
91327
91305
91289
91285
91273
91268
91261
91239
91236
91227
91216
91200
91187
91181
91178
91134
91130
91128
91119
91117
91111
91096
91094
91073
91073
91069
91045
91043
91023
91019
91016
90988
90981
90974
90953
90950
90944
90937
90931
90910
90908
90881
90856
90853
90844
90843
90839
90836
90826
90819
90813
90806
90804
90775
90771
90763
90763
90762
90743
90728
90720
90697
90686
90646
90644
90631
90615
90610
90572
90565
90564
90554
90551
90543
90529
90516
90511
90509
90508
90477
90474
90465
90457
90455
90415
90396
90394
90388
90387
90383
90382
90349
90345
90344
90334
90328
90324
90306
90295
90292
90290
90262
90245
90238
90232
90232
90213
90212
90204
90186
90184
90179
90136
90129
90128
90128
90121
90112
90091
90090
90090
90083
90054
90044
90041
90010
90002
89993
89984
89975
89968
89957
89955
89951
89910
89902
89886
89876
89846
89815
89802
89801
89798
89790
89772
89766
89762
89753
89752
89748
89718
89713
89712
89696
89692
89659
89651
89642
89632
89629
89622
89622
89611
89604
89594
89590
89570
89564
89558
89554
89551
89531
89529
89525
89512
89504
89491
89488
89457
89443
89440
89438
89432
89429
89424
89423
89410
89406
89398
89388
89357
89355
89340
89336
89314
89308
89293
89273
89267
89262
89252
89241
89233
89231
89230
89226
89214
89211
89201
89192
89183
89171
89153
89128
89109
89093
89093
89090
89076
89071
89060
89045
89029
89020
88981
88978
88962
88960
88940
88937
88935
88906
88904
88902
88879
88851
88849
88820
88815
88815
88814
88804
88782
88782
88766
88762
88745
88744
88742
88725
88716
88707
88679
88666
88643
88584
88573
88568
88563
88555
88555
88544
88505
88496
88493
88469
88447
88447
88445
88430
88418
88410
88408
88406
88363
88351
88304
88295
88284
88279
88278
88276
88229
88218
88199
88192
88190
88189
88176
88168
88161
88157
88150
88140
88111
88093
88090
88087
88085
88076
88073
88068
88068
88062
88046
88008
88008
87976
87972
87969
87963
87959
87945
87938
87934
87916
87915
87894
87891
87849
87845
87795
87793
87767
87765
87764
87755
87725
87719
87704
87669
87664
87657
87644
87639
87635
87629
87624
87612
87612
87601
87593
87592
87589
87579
87575
87561
87555
87546
87543
87507
87506
87502
87502
87460
87440
87440
87437
87431
87430
87408
87404
87375
87342
87331
87330
87327
87326
87320
87289
87289
87255
87253
87249
87241
87231
87226
87223
87215
87210
87186
87175
87174
87146
87143
87133
87127
87113
87112
87091
87069
87041
87039
87037
87032
87024
87008
86997
86984
86957
86953
86949
86948
86931
86919
86914
86896
86893
86889
86878
86871
86865
86861
86849
86840
86835
86835
86834
86818
86813
86812
86806
86801
86789
86788
86775
86762
86761
86755
86738
86724
86709
86634
86632
86630
86622
86615
86609
86606
86600
86599
86586
86572
86556
86533
86501
86497
86497
86483
86474
86473
86471
86465
86456
86440
86440
86412
86402
86401
86396
86393
86388
86386
86383
86380
86379
86378
86360
86326
86322
86303
86301
86298
86297
86279
86275
86267
86251
86230
86205
86192
86184
86170
86163
86161
86154
86153
86153
86151
86118
86114
86083
86078
86072
86039
86038
86035
86024
86019
86012
86007
86004
86000
85995
85987
85984
85975
85963
85946
85943
85928
85914
85907
85898
85896
85896
85885
85865
85861
85858
85854
85837
85836
85824
85811
85808
85801
85800
85792
85788
85785
85775
85768
85768
85762
85759
85734
85725
85718
85707
85699
85695
85693
85688
85686
85673
85655
85643
85634
85626
85623
85623
85605
85574
85572
85572
85562
85557
85548
85536
85528
85492
85482
85478
85468
85448
85438
85379
85375
85371
85370
85361
85360
85336
85331
85308
85302
85290
85281
85280
85272
85270
85266
85255
85243
85238
85230
85218
85209
85200
85192
85192
85183
85153
85150
85141
85135
85131
85127
85118
85114
85113
85103
85100
85096
85085
85084
85083
85080
85068
85042
85001
84999
84994
84994
84993
84970
84953
84912
84907
84906
84904
84895
84890
84881
84877
84860
84855
84851
84835
84831
84824
84824
84804
84797
84794
84744
84710
84709
84696
84692
84686
84683
84679
84675
84660
84652
84643
84607
84607
84601
84599
84592
84579
84552
84538
84521
84514
84507
84504
84499
84497
84476
84461
84448
84433
84430
84429
84427
84427
84418
84410
84408
84403
84398
84376
84366
84365
84362
84354
84344
84331
84330
84322
84304
84300
84296
84293
84279
84272
84268
84264
84263
84251
84241
84239
84236
84226
84217
84212
84202
84197
84195
84183
84145
84143
84138
84136
84101
84082
84069
84062
84060
84058
84047
84040
84019
84016
84005
83997
83985
83985
83957
83940
83922
83919
83904
83897
83881
83876
83863
83855
83854
83829
83828
83826
83819
83796
83764
83733
83714
83711
83698
83697
83696
83693
83677
83664
83657
83657
83643
83613
83604
83602
83591
83572
83557
83540
83539
83534
83529
83516
83506
83468
83455
83446
83439
83431
83427
83418
83410
83405
83405
83384
83368
83364
83363
83352
83351
83350
83328
83323
83319
83294
83290
83288
83272
83236
83232
83228
83222
83217
83190
83180
83179
83174
83168
83155
83151
83149
83146
83141
83133
83127
83105
83093
83085
83078
83065
83055
83052
83049
83030
83026
83024
83022
83021
83019
83018
83018
83008
82997
82995
82993
82990
82956
82954
82937
82929
82902
82887
82866
82854
82850
82833
82832
82812
82809
82807
82797
82796
82791
82790
82783
82770
82768
82730
82725
82719
82702
82697
82691
82682
82675
82673
82645
82639
82623
82607
82603
82602
82601
82597
82582
82580
82574
82560
82558
82557
82554
82553
82537
82526
82526
82525
82502
82489
82484
82476
82443
82440
82440
82416
82415
82413
82400
82391
82388
82386
82379
82376
82340
82338
82331
82328
82311
82259
82251
82249
82247
82225
82214
82201
82191
82172
82172
82164
82157
82137
82120
82118
82109
82091
82089
82081
82074
82057
82047
82020
82018
82011
82006
81997
81986
81971
81966
81962
81959
81954
81945
81941
81924
81919
81915
81899
81899
81894
81879
81875
81863
81862
81861
81850
81848
81826
81824
81823
81776
81747
81733
81725
81720
81703
81685
81677
81665
81661
81661
81653
81642
81615
81595
81592
81583
81579
81577
81558
81557
81534
81531
81512
81496
81469
81459
81444
81441
81437
81436
81434
81434
81424
81414
81405
81378
81371
81371
81365
81365
81360
81355
81346
81345
81342
81340
81334
81334
81325
81312
81306
81303
81285
81263
81263
81250
81236
81231
81227
81208
81203
81188
81184
81154
81153
81127
81116
81102
81081
81068
81059
81044
81031
81023
80989
80980
80980
80978
80956
80956
80955
80952
80948
80932
80931
80928
80904
80899
80889
80884
80865
80833
80830
80827
80820
80814
80796
80790
80787
80779
80753
80748
80742
80732
80730
80718
80711
80701
80677
80677
80658
80655
80646
80631
80608
80592
80585
80585
80582
80580
80561
80551
80526
80519
80511
80492
80489
80489
80486
80483
80467
80453
80451
80440
80427
80406
80397
80387
80382
80363
80361
80359
80358
80350
80333
80322
80321
80318
80316
80299
80295
80292
80281
80277
80260
80260
80248
80248
80225
80220
80218
80217
80186
80149
80149
80148
80132
80125
80119
80108
80096
80078
80074
80061
80037
80033
80027
80026
80018
80008
79998
79987
79947
79942
79938
79928
79927
79915
79897
79876
79854
79854
79841
79835
79832
79824
79823
79816
79813
79805
79745
79736
79735
79735
79731
79704
79699
79691
79659
79654
79647
79642
79633
79632
79628
79620
79612
79601
79595
79592
79592
79576
79558
79553
79543
79536
79507
79502
79483
79481
79479
79473
79470
79462
79460
79409
79402
79371
79370
79353
79343
79342
79332
79329
79315
79311
79311
79303
79286
79284
79276
79273
79262
79262
79256
79241
79235
79231
79231
79230
79199
79198
79197
79193
79188
79183
79180
79165
79159
79136
79131
79123
79116
79090
79083
79061
79060
78998
78997
78984
78980
78960
78952
78951
78920
78904
78896
78891
78887
78880
78875
78863
78850
78841
78840
78829
78827
78813
78805
78801
78801
78785
78765
78762
78758
78748
78748
78744
78734
78728
78705
78702
78699
78696
78695
78693
78690
78669
78667
78661
78656
78655
78651
78636
78635
78633
78630
78625
78618
78617
78616
78603
78577
78571
78566
78560
78545
78521
78519
78499
78489
78482
78462
78456
78437
78433
78418
78404
78399
78394
78393
78385
78382
78379
78379
78369
78354
78354
78348
78328
78300
78294
78286
78276
78267
78249
78245
78240
78237
78236
78222
78222
78217
78210
78207
78201
78196
78192
78186
78163
78152
78151
78149
78112
78098
78058
78057
78053
78033
78027
78026
78016
78001
77983
77978
77978
77973
77964
77958
77954
77941
77934
77929
77923
77912
77908
77908
77902
77883
77880
77875
77845
77837
77832
77826
77822
77817
77795
77785
77782
77781
77774
77768
77763
77760
77746
77743
77741
77735
77726
77723
77678
77668
77668
77661
77647
77639
77620
77607
77596
77593
77589
77568
77556
77546
77524
77509
77506
77505
77503
77474
77469
77466
77428
77417
77403
77384
77366
77355
77352
77337
77335
77331
77312
77310
77300
77265
77256
77253
77245
77240
77235
77233
77227
77204
77202
77179
77169
77163
77159
77154
77122
77111
77066
77065
77044
77027
77020
77014
76982
76978
76961
76958
76954
76951
76928
76916
76902
76902
76899
76892
76814
76808
76798
76797
76794
76769
76738
76735
76734
76728
76716
76701
76686
76675
76675
76671
76636
76631
76621
76603
76600
76590
76587
76577
76573
76564
76559
76555
76552
76552
76536
76530
76516
76506
76492
76482
76478
76451
76437
76430
76418
76415
76406
76405
76404
76403
76402
76385
76370
76366
76362
76337
76311
76309
76307
76298
76280
76265
76265
76259
76258
76254
76250
76246
76226
76220
76208
76200
76198
76197
76196
76194
76191
76189
76187
76162
76150
76121
76110
76107
76090
76080
76067
76056
76032
76027
76002
75990
75990
75974
75960
75960
75952
75910
75909
75899
75887
75884
75878
75866
75864
75863
75856
75834
75813
75808
75794
75791
75786
75770
75750
75747
75747
75743
75733
75712
75699
75643
75633
75608
75602
75590
75581
75577
75577
75575
75554
75551
75532
75518
75484
75450
75419
75418
75412
75407
75403
75380
75363
75355
75354
75346
75342
75331
75320
75312
75303
75300
75289
75287
75281
75270
75260
75248
75239
75237
75233
75232
75223
75210
75206
75202
75178
75169
75167
75158
75150
75135
75129
75125
75110
75102
75091
75071
75063
75062
75059
75027
75012
75009
74996
74995
74971
74964
74960
74944
74927
74905
74902
74896
74884
74881
74874
74868
74855
74849
74840
74837
74835
74792
74782
74775
74771
74771
74766
74739
74736
74732
74724
74696
74689
74663
74660
74645
74644
74640
74636
74632
74623
74608
74607
74604
74599
74598
74594
74584
74568
74551
74549
74544
74542
74535
74527
74516
74516
74510
74489
74470
74454
74451
74448
74444
74440
74421
74412
74410
74401
74400
74382
74359
74357
74346
74344
74341
74340
74338
74328
74321
74306
74292
74284
74281
74280
74252
74250
74203
74200
74191
74185
74184
74164
74162
74158
74157
74156
74137
74134
74133
74121
74108
74106
74095
74087
74083
74079
74077
74057
74046
74044
74036
74022
74022
74013
74011
74006
73986
73963
73954
73944
73924
73906
73895
73894
73893
73875
73872
73861
73859
73845
73843
73838
73832
73831
73829
73776
73771
73765
73759
73749
73739
73738
73708
73707
73705
73692
73678
73678
73675
73675
73673
73670
73662
73656
73653
73650
73648
73642
73626
73619
73617
73607
73587
73584
73581
73557
73556
73555
73545
73538
73538
73534
73514
73487
73486
73486
73464
73455
73452
73441
73429
73416
73407
73404
73399
73385
73354
73344
73343
73342
73331
73321
73297
73294
73270
73254
73219
73219
73217
73208
73186
73181
73174
73174
73173
73170
73170
73158
73137
73136
73125
73123
73068
73051
73051
73040
73024
73018
72991
72983
72967
72930
72927
72921
72900
72896
72896
72877
72868
72833
72828
72799
72776
72771
72770
72753
72738
72727
72725
72707
72700
72699
72686
72681
72676
72662
72643
72589
72585
72583
72581
72580
72571
72562
72544
72544
72539
72522
72502
72501
72500
72487
72481
72475
72469
72456
72449
72421
72418
72409
72406
72402
72398
72396
72395
72366
72360
72359
72332
72330
72323
72320
72309
72289
72258
72216
72215
72190
72186
72156
72145
72139
72124
72124
72123
72119
72117
72095
72095
72094
72093
72068
72057
72042
72039
72020
72019
72016
71998
71978
71969
71965
71949
71941
71914
71911
71876
71875
71871
71869
71865
71864
71841
71829
71821
71799
71770
71764
71760
71751
71742
71739
71739
71733
71723
71722
71688
71658
71651
71633
71626
71621
71617
71604
71603
71593
71589
71580
71579
71574
71572
71551
71537
71533
71510
71496
71482
71471
71464
71463
71459
71458
71454
71452
71449
71446
71442
71434
71418
71391
71389
71380
71376
71356
71351
71323
71315
71315
71310
71306
71302
71298
71296
71292
71283
71258
71215
71211
71211
71203
71190
71185
71157
71156
71150
71141
71140
71137
71134
71133
71128
71118
71095
71082
71076
71057
71043
71039
71028
71021
70996
70992
70975
70962
70960
70956
70933
70924
70922
70919
70911
70895
70890
70883
70843
70839
70818
70816
70814
70799
70775
70774
70774
70734
70728
70726
70699
70677
70664
70648
70644
70639
70622
70597
70590
70569
70568
70559
70559
70544
70539
70525
70525
70488
70485
70475
70462
70459
70452
70450
70441
70438
70406
70405
70404
70403
70355
70353
70325
70298
70274
70236
70232
70195
70164
70164
70162
70160
70124
70123
70123
70111
70107
70076
70076
70071
70064
70062
70032
70032
70025
70020
70017
70000
69997
69989
69986
69972
69966
69954
69949
69936
69925
69918
69909
69897
69895
69872
69864
69861
69837
69830
69813
69793
69784
69783
69783
69757
69737
69728
69717
69716
69715
69715
69711
69708
69702
69689
69677
69676
69672
69667
69665
69665
69659
69656
69650
69616
69615
69614
69609
69603
69598
69577
69567
69560
69558
69554
69540
69534
69525
69493
69485
69483
69480
69478
69472
69470
69463
69463
69453
69440
69438
69424
69417
69385
69375
69375
69374
69357
69341
69334
69328
69321
69314
69288
69281
69274
69269
69268
69256
69244
69237
69225
69220
69210
69201
69177
69172
69145
69138
69103
69094
69088
69078
69073
69058
69058
69040
69030
69017
69011
69009
69008
68996
68995
68988
68968
68938
68937
68933
68931
68916
68914
68910
68902
68891
68889
68884
68883
68871
68869
68863
68850
68835
68829
68817
68814
68812
68807
68807
68804
68797
68780
68778
68776
68767
68762
68751
68742
68739
68736
68721
68721
68718
68705
68705
68700
68698
68682
68677
68670
68657
68642
68641
68637
68631
68631
68630
68625
68624
68624
68621
68616
68611
68609
68602
68596
68578
68556
68533
68529
68527
68525
68520
68514
68511
68509
68498
68496
68491
68477
68460
68456
68451
68446
68440
68381
68368
68363
68342
68331
68324
68312
68304
68302
68293
68277
68262
68259
68248
68245
68244
68242
68217
68214
68197
68195
68195
68195
68194
68193
68183
68173
68173
68161
68158
68157
68157
68156
68147
68146
68144
68142
68128
68091
68021
68019
68016
68010
68007
68007
67999
67994
67991
67972
67963
67959
67954
67934
67928
67923
67897
67894
67894
67887
67880
67876
67834
67831
67828
67824
67822
67812
67806
67800
67798
67798
67792
67790
67787
67767
67766
67762
67756
67745
67702
67692
67679
67673
67671
67668
67649
67638
67625
67623
67614
67594
67588
67569
67568
67556
67551
67550
67545
67544
67543
67534
67528
67527
67514
67513
67504
67484
67478
67442
67432
67416
67412
67412
67404
67394
67386
67386
67386
67377
67370
67368
67350
67344
67342
67332
67321
67298
67291
67277
67262
67262
67257
67244
67230
67230
67210
67207
67198
67193
67193
67192
67191
67189
67179
67176
67167
67146
67133
67130
67130
67105
67104
67058
67034
67019
67013
66992
66990
66978
66974
66970
66935
66928
66922
66907
66862
66850
66845
66844
66803
66802
66749
66747
66740
66733
66732
66727
66716
66711
66710
66700
66700
66695
66679
66675
66675
66657
66613
66608
66606
66602
66600
66596
66581
66576
66569
66548
66547
66546
66541
66528
66513
66512
66512
66501
66501
66491
66477
66459
66443
66437
66436
66430
66414
66402
66375
66350
66342
66334
66323
66323
66282
66279
66261
66223
66213
66210
66196
66157
66155
66152
66140
66133
66087
66085
66085
66067
66058
66055
66037
66033
66031
66014
65997
65987
65971
65970
65967
65963
65962
65943
65917
65914
65905
65903
65885
65884
65880
65878
65867
65853
65845
65841
65840
65812
65808
65790
65777
65772
65768
65766
65755
65751
65740
65736
65732
65728
65720
65703
65690
65690
65687
65638
65600
65594
65589
65585
65581
65570
65568
65560
65537
65536
65505
65503
65482
65469
65469
65458
65457
65456
65442
65418
65402
65400
65390
65378
65373
65367
65359
65347
65346
65296
65290
65272
65268
65268
65262
65249
65236
65227
65218
65213
65209
65197
65196
65192
65174
65143
65140
65136
65110
65090
65056
65042
65039
65035
65016
65006
65000
64925
64907
64899
64898
64895
64892
64889
64873
64869
64867
64859
64847
64844
64825
64825
64825
64813
64812
64800
64800
64800
64783
64735
64721
64718
64703
64686
64680
64675
64667
64642
64638
64632
64627
64627
64613
64605
64585
64580
64568
64568
64558
64554
64551
64551
64544
64526
64501
64500
64498
64475
64466
64464
64452
64451
64448
64448
64433
64429
64421
64414
64410
64401
64361
64346
64345
64310
64301
64298
64295
64295
64289
64283
64268
64241
64206
64201
64199
64195
64189
64172
64168
64142
64130
64121
64120
64117
64117
64102
64088
64042
64041
64032
64028
64023
64023
64020
64009
64006
64005
63980
63976
63959
63953
63949
63934
63932
63922
63917
63916
63906
63902
63890
63880
63874
63873
63858
63857
63850
63836
63797
63785
63772
63761
63753
63751
63725
63712
63710
63696
63664
63624
63605
63602
63594
63592
63592
63570
63548
63522
63505
63500
63498
63490
63488
63478
63475
63460
63459
63457
63447
63434
63427
63412
63394
63370
63364
63356
63340
63330
63310
63277
63241
63225
63225
63207
63203
63195
63182
63179
63173
63173
63171
63161
63154
63146
63140
63138
63138
63131
63128
63119
63083
63081
63080
63079
63069
63067
63016
63012
63002
62978
62974
62971
62952
62940
62912
62898
62891
62878
62878
62858
62842
62836
62793
62791
62790
62780
62715
62700
62696
62691
62691
62674
62667
62664
62652
62650
62644
62641
62636
62613
62600
62600
62596
62571
62571
62570
62562
62561
62559
62550
62547
62540
62512
62506
62485
62484
62470
62441
62432
62420
62415
62412
62410
62379
62355
62352
62349
62347
62347
62346
62332
62314
62303
62280
62262
62247
62224
62218
62217
62210
62190
62180
62178
62175
62161
62157
62156
62151
62140
62139
62138
62135
62133
62124
62105
62104
62088
62084
62078
62078
62069
62062
62060
62057
62054
62018
62013
62004
61977
61968
61963
61951
61948
61931
61920
61918
61907
61902
61896
61892
61890
61889
61880
61879
61877
61861
61852
61852
61851
61850
61841
61825
61814
61808
61782
61777
61775
61758
61758
61751
61736
61704
61702
61684
61672
61670
61626
61612
61611
61608
61585
61571
61551
61535
61524
61516
61513
61511
61496
61456
61450
61449
61437
61434
61424
61415
61408
61395
61384
61384
61373
61366
61345
61333
61304
61289
61278
61263
61253
61251
61232
61213
61188
61177
61176
61155
61151
61138
61137
61135
61134
61125
61119
61111
61106
61099
61082
61081
61076
61075
61073
61071
61062
61061
61059
61057
61046
61045
61039
61037
61023
61012
60998
60997
60994
60983
60979
60967
60965
60965
60957
60948
60937
60936
60934
60894
60880
60874
60860
60845
60829
60822
60820
60810
60791
60780
60767
60766
60761
60753
60747
60739
60736
60710
60708
60705
60693
60687
60682
60664
60662
60661
60661
60636
60629
60615
60606
60575
60574
60542
60518
60516
60491
60485
60478
60475
60475
60442
60420
60403
60394
60380
60369
60368
60362
60334
60332
60313
60309
60306
60289
60282
60279
60257
60238
60232
60229
60227
60198
60167
60151
60150
60144
60094
60092
60088
60072
60051
60020
59992
59990
59974
59960
59945
59918
59912
59906
59906
59897
59894
59883
59879
59875
59863
59851
59848
59846
59833
59822
59813
59792
59765
59750
59733
59717
59710
59705
59705
59699
59697
59690
59686
59686
59680
59678
59670
59653
59647
59641
59641
59638
59638
59634
59629
59617
59616
59608
59599
59595
59593
59588
59574
59559
59550
59540
59527
59500
59487
59469
59464
59454
59447
59443
59435
59433
59433
59431
59429
59425
59416
59405
59388
59378
59370
59351
59323
59323
59316
59309
59306
59294
59290
59280
59278
59275
59267
59240
59225
59220
59212
59193
59188
59187
59160
59143
59135
59133
59132
59129
59119
59116
59091
59089
59083
59082
59080
59068
59066
59059
59045
59035
59006
58996
58969
58938
58917
58910
58888
58882
58869
58867
58825
58785
58770
58758
58751
58748
58732
58721
58690
58686
58682
58668
58655
58629
58616
58610
58606
58602
58575
58570
58570
58562
58556
58554
58486
58476
58457
58449
58440
58431
58431
58430
58413
58412
58397
58394
58394
58377
58367
58355
58352
58340
58338
58327
58315
58302
58280
58260
58252
58247
58244
58242
58232
58230
58216
58214
58201
58194
58190
58189
58186
58178
58134
58112
58106
58102
58098
58081
58080
58072
58069
58058
58031
58004
58001
57992
57984
57983
57980
57980
57972
57949
57932
57918
57911
57908
57908
57887
57881
57879
57875
57855
57843
57821
57812
57812
57792
57790
57785
57784
57757
57755
57732
57701
57694
57692
57681
57628
57627
57581
57557
57539
57536
57531
57529
57490
57484
57470
57464
57458
57456
57447
57433
57424
57424
57422
57419
57413
57413
57399
57379
57363
57362
57354
57351
57344
57340
57333
57324
57322
57319
57315
57305
57294
57285
57278
57272
57254
57248
57236
57234
57227
57221
57196
57194
57191
57170
57170
57164
57140
57134
57130
57120
57112
57108
57096
57087
57075
57054
57049
57044
57041
57040
57039
57037
57033
57010
56999
56985
56979
56970
56957
56949
56948
56912
56907
56892
56875
56872
56858
56855
56847
56836
56829
56810
56796
56795
56792
56778
56767
56765
56759
56753
56747
56735
56714
56706
56700
56695
56695
56684
56682
56646
56627
56626
56605
56605
56589
56586
56583
56555
56553
56551
56520
56516
56513
56502
56500
56456
56438
56435
56430
56419
56404
56390
56372
56356
56351
56351
56349
56346
56339
56305
56305
56301
56279
56265
56262
56250
56247
56244
56237
56221
56213
56211
56208
56198
56190
56176
56154
56140
56136
56128
56109
56102
56101
56080
56072
56066
56055
56052
56042
56037
56017
55995
55973
55959
55948
55944
55937
55929
55922
55919
55907
55904
55890
55888
55883
55874
55872
55871
55864
55863
55863
55856
55853
55819
55819
55790
55779
55778
55772
55772
55771
55749
55725
55701
55698
55692
55673
55660
55642
55639
55631
55608
55603
55575
55550
55547
55527
55502
55501
55498
55472
55464
55454
55433
55426
55404
55381
55370
55357
55327
55323
55317
55290
55273
55239
55219
55208
55203
55200
55192
55173
55149
55147
55144
55129
55118
55115
55111
55104
55088
55086
55085
55080
55077
55077
55076
55064
55051
55024
55024
55023
55021
55011
55003
55001
54998
54990
54989
54982
54971
54967
54962
54957
54926
54924
54924
54917
54903
54901
54901
54899
54889
54856
54855
54851
54824
54823
54812
54808
54800
54797
54792
54784
54780
54780
54769
54758
54755
54746
54746
54743
54722
54680
54660
54645
54643
54638
54630
54620
54618
54618
54608
54606
54600
54591
54582
54566
54564
54562
54559
54554
54518
54503
54488
54474
54463
54459
54456
54444
54438
54432
54426
54418
54398
54383
54381
54379
54367
54362
54350
54347
54344
54340
54331
54317
54310
54309
54308
54282
54263
54262
54248
54237
54234
54213
54213
54213
54213
54209
54203
54197
54190
54184
54181
54168
54163
54138
54130
54107
54092
54057
54053
54044
54028
54013
53996
53985
53978
53965
53949
53942
53942
53937
53935
53926
53918
53914
53902
53901
53898
53897
53895
53891
53874
53867
53855
53844
53811
53810
53809
53804
53798
53798
53780
53780
53779
53772
53732
53728
53719
53718
53715
53713
53702
53658
53634
53626
53625
53624
53609
53600
53596
53592
53571
53561
53550
53548
53538
53535
53524
53521
53511
53509
53509
53508
53498
53490
53481
53465
53456
53452
53445
53438
53420
53401
53359
53351
53340
53339
53339
53335
53332
53323
53309
53292
53290
53248
53244
53214
53177
53173
53173
53171
53149
53135
53134
53132
53122
53110
53101
53095
53065
53057
53053
53030
53011
52986
52971
52966
52959
52929
52925
52901
52874
52843
52829
52821
52821
52814
52814
52802
52802
52798
52781
52777
52775
52769
52769
52753
52740
52725
52722
52716
52704
52678
52655
52644
52634
52632
52626
52624
52623
52616
52612
52611
52606
52597
52596
52574
52573
52570
52569
52565
52561
52558
52554
52527
52523
52519
52503
52498
52467
52465
52449
52431
52408
52388
52387
52383
52370
52361
52361
52353
52345
52343
52329
52315
52303
52290
52278
52272
52269
52266
52239
52234
52234
52206
52189
52188
52149
52140
52127
52112
52096
52096
52095
52086
52077
52060
52058
52055
52053
52052
52049
52047
52031
52017
52017
52011
52007
51998
51994
51987
51979
51974
51944
51940
51933
51924
51922
51914
51903
51902
51885
51857
51833
51822
51821
51791
51777
51750
51744
51731
51689
51687
51684
51679
51679
51668
51668
51659
51632
51632
51626
51614
51593
51584
51579
51553
51543
51541
51541
51538
51516
51514
51502
51500
51485
51456
51442
51441
51436
51432
51414
51405
51399
51397
51373
51370
51347
51341
51333
51318
51311
51308
51291
51277
51246
51206
51204
51191
51183
51176
51165
51159
51150
51142
51140
51139
51139
51107
51084
51068
51054
51050
51040
51018
50993
50971
50970
50968
50962
50960
50950
50924
50900
50879
50864
50850
50845
50832
50818
50802
50801
50798
50797
50796
50790
50784
50780
50759
50750
50739
50735
50727
50710
50704
50677
50661
50614
50607
50599
50584
50570
50535
50524
50486
50472
50456
50456
50450
50409
50400
50394
50391
50381
50364
50363
50343
50343
50333
50330
50324
50311
50252
50237
50235
50231
50229
50226
50219
50213
50194
50193
50183
50169
50164
50153
50147
50142
50138
50121
50117
50102
50101
50097
50074
50067
50042
50034
49988
49971
49955
49951
49948
49943
49935
49928
49894
49891
49882
49877
49867
49865
49855
49843
49817
49815
49795
49795
49788
49772
49743
49729
49728
49711
49697
49669
49661
49655
49640
49638
49623
49614
49601
49595
49587
49583
49576
49571
49558
49556
49547
49534
49533
49526
49506
49499
49493
49492
49487
49466
49465
49449
49445
49441
49434
49422
49415
49414
49412
49411
49409
49387
49351
49344
49341
49325
49323
49315
49313
49308
49288
49272
49263
49239
49232
49228
49220
49217
49217
49203
49202
49196
49194
49169
49158
49155
49153
49150
49145
49143
49120
49107
49100
49091
49089
49054
49033
49028
49026
49024
49023
49017
49011
49006
49000
49000
48999
48984
48983
48962
48957
48955
48946
48944
48930
48922
48918
48918
48909
48907
48906
48905
48905
48902
48893
48874
48871
48870
48858
48857
48856
48848
48845
48838
48833
48822
48811
48806
48803
48778
48774
48760
48754
48746
48741
48715
48713
48711
48709
48700
48698
48677
48659
48658
48658
48658
48644
48644
48634
48614
48614
48610
48598
48589
48582
48577
48550
48523
48515
48500
48498
48488
48484
48443
48436
48415
48400
48387
48366
48355
48353
48342
48340
48335
48329
48295
48290
48287
48271
48266
48266
48248
48242
48234
48223
48222
48214
48213
48212
48212
48208
48202
48189
48185
48182
48167
48154
48154
48150
48138
48134
48128
48127
48111
48111
48105
48095
48077
48070
48047
48035
48023
48022
48013
48009
47994
47978
47975
47968
47960
47946
47935
47911
47908
47906
47902
47890
47877
47873
47873
47872
47869
47818
47811
47809
47777
47741
47735
47732
47730
47725
47724
47718
47718
47699
47687
47677
47654
47650
47622
47616
47615
47604
47589
47573
47557
47555
47550
47543
47525
47525
47516
47481
47473
47471
47433
47423
47418
47412
47404
47392
47390
47372
47371
47358
47350
47331
47328
47327
47311
47296
47274
47254
47251
47245
47244
47235
47224
47219
47218
47206
47179
47171
47171
47168
47157
47154
47144
47131
47120
47120
47083
47029
47021
47011
46995
46984
46978
46968
46962
46947
46944
46942
46940
46939
46932
46930
46927
46921
46919
46914
46909
46898
46898
46889
46880
46878
46859
46849
46819
46813
46807
46788
46754
46729
46719
46711
46711
46709
46695
46680
46663
46661
46658
46634
46555
46520
46517
46513
46511
46504
46482
46475
46475
46463
46457
46446
46433
46426
46419
46414
46400
46398
46382
46352
46335
46326
46293
46293
46264
46256
46255
46236
46221
46217
46197
46195
46185
46155
46154
46149
46148
46148
46145
46132
46130
46127
46114
46103
46094
46089
46087
46075
46054
46051
46048
46034
46020
46014
46009
46002
45974
45965
45961
45952
45944
45940
45938
45938
45922
45916
45909
45863
45862
45858
45851
45846
45827
45810
45803
45800
45800
45777
45776
45771
45754
45742
45740
45734
45710
45696
45688
45687
45680
45670
45666
45665
45659
45656
45617
45611
45605
45591
45589
45587
45585
45579
45577
45553
45540
45510
45497
45491
45484
45477
45469
45445
45443
45436
45435
45428
45416
45368
45368
45355
45354
45351
45350
45334
45326
45321
45310
45300
45289
45289
45282
45276
45275
45255
45248
45243
45233
45231
45222
45221
45213
45184
45180
45179
45169
45141
45140
45135
45131
45128
45126
45121
45114
45114
45111
45096
45088
45084
45077
45045
45031
45030
45020
45011
45007
44999
44993
44965
44957
44952
44951
44935
44924
44919
44918
44915
44915
44901
44899
44888
44879
44876
44869
44851
44846
44824
44795
44789
44756
44750
44748
44746
44743
44742
44710
44704
44686
44682
44625
44622
44614
44608
44580
44563
44549
44537
44521
44502
44479
44461
44455
44438
44426
44411
44409
44402
44400
44399
44393
44391
44383
44377
44359
44356
44344
44329
44311
44305
44305
44298
44288
44288
44272
44269
44247
44224
44208
44199
44197
44193
44185
44159
44158
44153
44124
44111
44107
44104
44081
44073
44072
44068
44033
44024
44017
44010
44006
44001
43997
43985
43978
43969
43967
43963
43962
43958
43949
43931
43930
43895
43892
43872
43848
43821
43804
43803
43802
43800
43800
43786
43769
43766
43762
43735
43726
43724
43721
43701
43685
43684
43672
43671
43667
43648
43636
43611
43596
43572
43560
43559
43557
43552
43544
43525
43516
43508
43489
43476
43471
43467
43467
43467
43462
43460
43460
43424
43413
43398
43377
43370
43368
43306
43304
43296
43295
43293
43288
43286
43270
43268
43237
43236
43236
43219
43208
43191
43186
43178
43171
43150
43146
43145
43139
43113
43106
43102
43087
43083
43074
43069
43057
43047
43027
43017
43016
43013
43003
42975
42972
42969
42963
42963
42956
42930
42923
42906
42903
42879
42857
42855
42855
42829
42825
42824
42816
42812
42811
42806
42795
42789
42782
42748
42738
42736
42720
42715
42710
42686
42682
42666
42636
42625
42625
42622
42619
42615
42604
42588
42579
42573
42569
42541
42520
42516
42515
42513
42507
42494
42491
42469
42462
42461
42455
42451
42418
42415
42400
42387
42364
42355
42349
42348
42337
42334
42326
42321
42317
42312
42310
42289
42288
42283
42265
42262
42250
42234
42210
42206
42198
42195
42174
42165
42160
42127
42127
42124
42109
42099
42092
42084
42065
42060
42059
42029
42027
42003
42001
41997
41995
41992
41980
41974
41961
41903
41896
41883
41874
41861
41859
41830
41822
41816
41795
41784
41768
41749
41746
41735
41710
41692
41690
41682
41676
41663
41636
41628
41621
41586
41584
41575
41575
41566
41551
41545
41535
41523
41519
41505
41497
41495
41487
41483
41471
41469
41441
41433
41426
41416
41413
41410
41409
41407
41405
41398
41388
41380
41339
41332
41301
41284
41279
41259
41253
41248
41235
41235
41225
41217
41212
41204
41199
41188
41175
41163
41150
41149
41144
41138
41134
41122
41096
41080
41078
41022
41019
40993
40972
40954
40947
40934
40930
40927
40922
40921
40872
40850
40849
40844
40837
40829
40820
40807
40806
40795
40779
40778
40778
40775
40770
40763
40733
40732
40729
40709
40703
40682
40681
40645
40639
40638
40622
40618
40616
40613
40609
40603
40600
40591
40577
40569
40541
40540
40536
40515
40513
40507
40498
40496
40490
40487
40479
40473
40473
40415
40406
40395
40386
40363
40347
40337
40335
40324
40313
40304
40297
40272
40239
40229
40229
40227
40188
40182
40169
40167
40160
40153
40143
40129
40103
40102
40094
40086
40073
40065
40060
40058
40047
40043
40042
40031
40019
40013
40006
40004
39980
39971
39969
39954
39940
39925
39921
39917
39916
39907
39896
39895
39872
39864
39846
39836
39822
39813
39805
39805
39805
39802
39784
39772
39771
39766
39748
39745
39734
39727
39714
39708
39695
39667
39649
39641
39640
39621
39612
39608
39604
39581
39568
39563
39559
39557
39556
39556
39535
39534
39526
39518
39512
39505
39499
39495
39483
39477
39476
39475
39469
39468
39431
39424
39408
39392
39375
39372
39371
39358
39347
39326
39313
39310
39296
39267
39266
39259
39248
39230
39222
39199
39188
39167
39153
39130
39129
39122
39101
39091
39080
39069
39049
39020
39019
39014
39004
39004
39003
38999
38985
38985
38979
38965
38958
38944
38941
38905
38875
38812
38793
38793
38791
38790
38778
38760
38753
38751
38740
38738
38730
38723
38709
38699
38687
38687
38677
38659
38622
38618
38611
38611
38605
38599
38598
38593
38581
38568
38520
38511
38509
38508
38507
38493
38462
38451
38448
38435
38432
38432
38428
38427
38418
38407
38400
38398
38397
38397
38356
38334
38328
38318
38305
38266
38251
38228
38226
38224
38202
38201
38193
38167
38164
38123
38117
38084
38070
38067
38048
38046
38040
38038
38016
38012
38004
38002
37973
37969
37968
37968
37961
37950
37950
37947
37918
37903
37874
37871
37868
37865
37855
37850
37825
37810
37794
37753
37746
37742
37738
37732
37719
37712
37712
37711
37708
37691
37681
37671
37645
37640
37637
37626
37605
37596
37588
37581
37574
37564
37556
37548
37546
37543
37543
37541
37530
37521
37512
37504
37495
37495
37477
37472
37468
37463
37448
37444
37435
37427
37413
37413
37410
37410
37401
37398
37373
37365
37340
37331
37325
37312
37295
37273
37270
37268
37257
37244
37236
37234
37231
37219
37211
37207
37200
37197
37163
37157
37151
37148
37139
37132
37114
37102
37097
37084
37078
37072
37061
37059
37054
37044
37044
37036
37021
37018
37013
37008
36998
36969
36955
36945
36934
36916
36901
36871
36864
36862
36855
36835
36835
36830
36816
36794
36777
36756
36747
36740
36713
36705
36694
36693
36693
36682
36677
36664
36661
36659
36614
36612
36611
36596
36586
36560
36553
36550
36542
36537
36510
36505
36486
36484
36479
36471
36471
36469
36453
36417
36366
36358
36354
36341
36307
36282
36244
36238
36233
36232
36225
36223
36191
36189
36163
36160
36152
36122
36107
36093
36093
36086
36060
36057
36019
36005
35990
35977
35962
35948
35946
35942
35930
35928
35919
35918
35911
35910
35903
35896
35892
35885
35859
35850
35850
35848
35846
35822
35792
35790
35786
35768
35751
35751
35738
35733
35707
35703
35695
35665
35641
35551
35539
35528
35524
35515
35508
35488
35483
35471
35453
35418
35407
35406
35394
35372
35371
35363
35355
35353
35347
35325
35312
35308
35289
35269
35255
35240
35236
35229
35219
35203
35157
35154
35153
35152
35150
35147
35130
35116
35113
35105
35098
35085
35069
35041
35032
34993
34982
34948
34929
34858
34847
34836
34833
34831
34827
34810
34810
34792
34786
34783
34770
34765
34754
34748
34744
34740
34726
34719
34709
34697
34688
34676
34675
34672
34671
34665
34665
34646
34641
34626
34618
34618
34611
34601
34591
34590
34585
34574
34573
34573
34523
34522
34518
34516
34504
34498
34494
34486
34481
34480
34464
34456
34448
34444
34441
34438
34435
34435
34431
34419
34418
34415
34411
34389
34381
34376
34362
34350
34344
34339
34332
34321
34310
34309
34293
34289
34275
34247
34199
34195
34192
34166
34159
34153
34151
34144
34137
34133
34123
34099
34090
34080
34055
34028
34003
33997
33996
33987
33981
33971
33942
33937
33933
33920
33911
33884
33880
33878
33855
33844
33843
33837
33803
33802
33799
33785
33774
33772
33754
33751
33720
33713
33705
33703
33677
33677
33649
33649
33625
33611
33598
33589
33566
33562
33558
33549
33547
33532
33512
33511
33506
33486
33478
33468
33466
33465
33454
33434
33432
33415
33410
33392
33387
33384
33376
33373
33369
33347
33318
33293
33293
33272
33271
33239
33235
33231
33227
33226
33218
33186
33182
33180
33177
33163
33162
33142
33142
33141
33138
33137
33137
33129
33123
33118
33118
33115
33084
33054
33044
33024
33023
32999
32998
32995
32989
32982
32977
32976
32972
32955
32930
32923
32902
32902
32865
32856
32854
32844
32837
32831
32823
32822
32817
32816
32799
32783
32759
32730
32697
32691
32665
32664
32664
32637
32600
32599
32593
32591
32583
32567
32566
32550
32543
32538
32528
32508
32504
32499
32499
32495
32494
32488
32474
32438
32436
32430
32426
32421
32411
32403
32355
32345
32338
32337
32314
32294
32289
32284
32270
32270
32254
32242
32232
32197
32190
32189
32170
32161
32145
32133
32119
32098
32087
32070
32065
32052
32050
32043
32029
32028
32016
32015
32014
32011
32005
31984
31976
31965
31948
31944
31944
31929
31919
31918
31901
31881
31878
31872
31858
31857
31854
31854
31849
31847
31847
31840
31837
31834
31830
31824
31820
31806
31787
31763
31753
31749
31720
31704
31703
31675
31646
31623
31621
31613
31608
31590
31577
31546
31535
31532
31531
31526
31523
31514
31510
31507
31484
31476
31443
31436
31421
31418
31411
31370
31335
31333
31319
31308
31264
31263
31261
31253
31215
31211
31211
31208
31206
31193
31188
31180
31144
31142
31133
31131
31121
31115
31114
31102
31087
31080
31072
31057
31056
31055
31052
31047
31043
31040
31039
31017
31015
31010
31004
30993
30970
30945
30940
30940
30936
30926
30922
30904
30899
30890
30888
30864
30853
30845
30834
30827
30813
30813
30811
30809
30795
30777
30775
30768
30765
30731
30715
30708
30707
30696
30679
30676
30666
30665
30656
30654
30654
30653
30651
30649
30646
30639
30631
30629
30609
30604
30582
30582
30567
30546
30536
30534
30534
30518
30513
30491
30486
30482
30456
30444
30438
30423
30420
30416
30413
30408
30389
30387
30357
30353
30339
30324
30311
30259
30257
30256
30245
30242
30231
30229
30217
30208
30196
30173
30128
30125
30117
30095
30087
30079
30077
30069
30052
30036
29992
29989
29987
29980
29971
29969
29964
29963
29957
29954
29950
29949
29949
29947
29913
29912
29905
29905
29894
29886
29840
29833
29822
29811
29806
29784
29777
29760
29759
29739
29736
29732
29718
29717
29701
29700
29695
29684
29678
29669
29647
29646
29640
29640
29629
29623
29621
29614
29602
29588
29534
29525
29507
29505
29500
29476
29468
29459
29450
29439
29433
29419
29416
29410
29400
29399
29384
29382
29372
29372
29329
29321
29296
29294
29286
29279
29275
29266
29260
29256
29254
29251
29227
29203
29202
29201
29192
29188
29159
29153
29142
29101
29070
29067
29066
29042
29039
29036
29034
29030
29018
29000
28977
28958
28940
28926
28925
28909
28905
28865
28864
28861
28858
28856
28845
28845
28844
28826
28821
28813
28812
28800
28784
28778
28774
28773
28752
28749
28744
28732
28730
28722
28701
28696
28693
28671
28670
28663
28653
28643
28633
28606
28605
28592
28583
28577
28568
28561
28556
28543
28522
28492
28485
28481
28476
28472
28467
28463
28460
28460
28431
28429
28426
28412
28409
28404
28402
28399
28388
28360
28349
28341
28337
28333
28315
28310
28305
28297
28289
28280
28270
28260
28246
28238
28234
28229
28227
28216
28206
28204
28200
28200
28175
28173
28151
28143
28138
28132
28131
28127
28107
28107
28103
28073
28067
28053
28046
28040
28031
28023
28023
28018
27989
27986
27972
27948
27901
27892
27890
27887
27866
27860
27859
27849
27837
27834
27832
27822
27822
27808
27803
27793
27786
27785
27745
27736
27736
27718
27704
27702
27687
27684
27673
27652
27648
27645
27637
27627
27624
27601
27554
27532
27529
27525
27524
27519
27515
27509
27489
27488
27477
27475
27465
27451
27442
27439
27439
27427
27426
27413
27398
27395
27382
27376
27363
27363
27330
27310
27306
27272
27270
27260
27256
27252
27242
27225
27225
27224
27223
27217
27217
27189
27187
27181
27169
27156
27144
27141
27135
27135
27133
27131
27121
27119
27111
27109
27102
27080
27080
27076
27055
27023
26964
26955
26948
26947
26939
26908
26907
26907
26900
26883
26876
26875
26865
26853
26852
26808
26807
26797
26796
26787
26775
26766
26761
26755
26734
26674
26669
26655
26655
26654
26652
26638
26630
26619
26616
26609
26600
26598
26576
26574
26562
26556
26555
26553
26544
26540
26529
26529
26527
26521
26511
26508
26503
26489
26483
26475
26467
26460
26458
26448
26444
26443
26421
26411
26409
26405
26397
26385
26363
26362
26329
26328
26316
26306
26304
26297
26285
26271
26259
26257
26241
26217
26201
26197
26195
26157
26154
26147
26144
26143
26133
26125
26114
26108
26106
26102
26097
26094
26074
26066
26021
26020
26019
26017
25992
25951
25941
25939
25925
25923
25921
25920
25908
25868
25863
25861
25858
25858
25849
25848
25845
25842
25841
25838
25835
25821
25808
25789
25783
25773
25772
25738
25736
25735
25734
25723
25721
25716
25706
25698
25696
25670
25653
25648
25639
25634
25626
25603
25600
25598
25593
25563
25560
25558
25551
25543
25539
25538
25537
25531
25526
25509
25507
25499
25486
25483
25465
25451
25448
25448
25418
25397
25397
25397
25391
25373
25364
25339
25324
25323
25321
25318
25306
25306
25267
25265
25264
25249
25246
25229
25228
25218
25213
25211
25207
25194
25174
25162
25148
25133
25130
25126
25113
25106
25095
25083
25031
24994
24992
24991
24983
24949
24938
24936
24931
24914
24904
24904
24901
24894
24892
24878
24863
24861
24834
24833
24808
24787
24781
24780
24776
24773
24770
24761
24747
24744
24740
24729
24691
24685
24664
24640
24639
24633
24628
24607
24602
24591
24591
24587
24583
24577
24576
24576
24553
24522
24522
24517
24504
24491
24478
24470
24469
24447
24439
24437
24391
24389
24377
24353
24351
24338
24307
24306
24293
24279
24266
24262
24253
24244
24239
24237
24216
24206
24204
24203
24190
24187
24176
24174
24166
24160
24153
24143
24122
24103
24101
24094
24093
24090
24084
24080
24040
24035
24029
24015
23977
23969
23966
23966
23966
23913
23908
23897
23868
23862
23849
23848
23847
23846
23813
23799
23790
23776
23738
23736
23711
23698
23675
23643
23631
23616
23589
23561
23528
23524
23464
23427
23418
23393
23382
23343
23326
23322
23307
23304
23299
23295
23281
23240
23219
23216
23201
23184
23179
23163
23149
23149
23141
23138
23117
23106
23101
23089
23043
23032
23029
23018
23015
23003
23003
22992
22981
22971
22969
22963
22936
22933
22918
22904
22896
22896
22894
22890
22869
22862
22862
22854
22850
22849
22841
22839
22838
22832
22829
22827
22819
22811
22801
22797
22795
22785
22784
22760
22749
22731
22717
22716
22712
22709
22695
22689
22688
22683
22663
22658
22653
22648
22644
22637
22630
22620
22617
22612
22558
22532
22526
22502
22477
22474
22473
22462
22460
22442
22442
22419
22405
22403
22381
22371
22365
22327
22318
22306
22269
22214
22206
22203
22182
22166
22159
22159
22157
22152
22145
22135
22134
22126
22123
22118
22117
22113
22091
22088
22056
22051
22046
21999
21988
21985
21979
21956
21950
21932
21931
21922
21919
21916
21903
21896
21886
21885
21845
21845
21832
21810
21806
21782
21775
21741
21721
21718
21709
21698
21678
21674
21671
21660
21646
21636
21622
21605
21603
21602
21596
21591
21589
21573
21572
21571
21564
21560
21554
21544
21539
21517
21515
21510
21509
21500
21488
21483
21483
21479
21469
21449
21445
21416
21415
21415
21392
21379
21377
21373
21351
21348
21343
21339
21335
21325
21313
21301
21292
21290
21290
21275
21271
21255
21238
21216
21215
21214
21206
21200
21196
21195
21177
21174
21123
21113
21103
21089
21079
21077
21071
21070
21066
21066
21052
21047
21037
21032
21012
20995
20975
20971
20959
20957
20938
20932
20931
20922
20922
20882
20878
20863
20852
20846
20841
20831
20827
20824
20819
20809
20801
20800
20786
20749
20739
20739
20737
20733
20731
20717
20709
20699
20690
20679
20679
20677
20673
20670
20650
20638
20624
20622
20614
20590
20587
20580
20578
20570
20564
20550
20522
20520
20514
20510
20499
20485
20483
20476
20448
20437
20420
20413
20396
20351
20349
20341
20337
20332
20325
20323
20321
20316
20307
20306
20305
20278
20272
20269
20261
20258
20250
20238
20231
20217
20215
20201
20183
20179
20174
20161
20144
20134
20119
20119
20118
20116
20095
20082
20081
20081
20081
20071
20060
20052
20030
20029
20028
20014
20012
19996
19973
19971
19965
19965
19963
19946
19936
19927
19926
19915
19906
19892
19884
19881
19879
19876
19856
19856
19847
19846
19841
19841
19835
19828
19825
19824
19814
19811
19811
19811
19801
19799
19776
19773
19765
19745
19740
19723
19722
19714
19707
19687
19686
19685
19672
19662
19645
19639
19632
19625
19606
19605
19600
19598
19577
19546
19541
19527
19511
19475
19448
19432
19430
19428
19413
19413
19402
19383
19382
19378
19367
19363
19359
19350
19343
19335
19333
19323
19321
19317
19304
19297
19289
19280
19277
19271
19271
19252
19250
19241
19231
19227
19227
19216
19198
19188
19167
19166
19150
19132
19129
19121
19111
19106
19104
19102
19075
19069
19056
19053
18988
18987
18984
18956
18939
18933
18932
18925
18915
18895
18885
18885
18880
18858
18847
18845
18831
18830
18820
18810
18805
18794
18792
18780
18779
18768
18764
18737
18734
18732
18712
18694
18678
18673
18666
18665
18661
18655
18625
18624
18620
18604
18585
18558
18549
18544
18517
18511
18507
18488
18475
18471
18459
18452
18450
18450
18422
18401
18388
18374
18370
18351
18307
18305
18304
18304
18296
18294
18291
18290
18277
18260
18253
18240
18231
18230
18214
18196
18195
18189
18176
18169
18166
18159
18125
18101
18079
18061
18058
18052
18049
18049
18019
18016
17985
17958
17955
17954
17948
17947
17934
17927
17916
17906
17906
17896
17884
17871
17867
17861
17854
17837
17833
17833
17827
17823
17818
17813
17807
17803
17802
17796
17778
17769
17766
17730
17721
17716
17704
17699
17689
17685
17681
17671
17656
17648
17644
17639
17631
17618
17613
17608
17597
17591
17581
17572
17554
17549
17546
17533
17527
17507
17505
17499
17492
17477
17472
17471
17464
17459
17456
17450
17439
17435
17430
17429
17417
17415
17409
17408
17401
17384
17379
17379
17364
17352
17349
17340
17335
17324
17324
17312
17293
17291
17281
17236
17225
17217
17215
17213
17211
17207
17195
17188
17177
17171
17170
17169
17158
17141
17137
17134
17118
17093
17068
17055
17051
17047
17046
17018
17010
17004
16999
16988
16976
16970
16948
16919
16905
16904
16903
16896
16892
16892
16867
16848
16848
16844
16821
16819
16816
16806
16799
16784
16769
16767
16762
16737
16732
16730
16727
16714
16690
16681
16675
16653
16642
16625
16597
16596
16594
16572
16556
16543
16536
16530
16528
16525
16524
16508
16488
16486
16475
16473
16462
16443
16436
16422
16413
16405
16398
16398
16390
16381
16380
16365
16358
16357
16333
16327
16325
16318
16315
16308
16306
16301
16299
16273
16267
16265
16262
16255
16249
16237
16235
16232
16229
16187
16182
16163
16161
16141
16139
16128
16119
16117
16116
16113
16101
16074
16074
16051
16048
16043
16026
16025
16008
15974
15959
15953
15932
15929
15916
15915
15910
15909
15863
15862
15851
15848
15820
15806
15795
15794
15787
15786
15785
15772
15771
15771
15762
15762
15753
15748
15734
15724
15712
15707
15695
15687
15678
15674
15644
15603
15575
15552
15481
15478
15468
15467
15456
15454
15448
15443
15427
15409
15407
15377
15358
15355
15337
15335
15333
15325
15314
15292
15288
15280
15273
15272
15268
15263
15255
15250
15225
15219
15215
15196
15186
15185
15168
15168
15166
15153
15148
15141
15134
15129
15104
15102
15096
15093
15074
15073
15061
15050
15042
15025
15017
15015
15009
14986
14981
14975
14966
14957
14937
14936
14935
14934
14920
14905
14882
14862
14858
14853
14850
14815
14813
14801
14784
14778
14775
14773
14765
14755
14747
14742
14708
14699
14698
14693
14683
14681
14677
14675
14668
14647
14628
14594
14589
14588
14565
14564
14525
14521
14513
14508
14505
14493
14480
14469
14462
14462
14440
14414
14410
14383
14367
14361
14360
14323
14319
14319
14298
14295
14290
14288
14270
14269
14268
14267
14255
14246
14245
14235
14226
14220
14205
14203
14180
14177
14162
14138
14131
14117
14113
14103
14099
14097
14097
14091
14080
14064
14053
14030
14024
14016
13978
13978
13968
13962
13953
13948
13940
13939
13936
13930
13923
13916
13915
13912
13890
13873
13864
13864
13863
13860
13859
13858
13857
13851
13843
13833
13799
13792
13786
13785
13779
13774
13767
13758
13756
13755
13752
13749
13739
13727
13701
13695
13690
13681
13680
13670
13667
13666
13658
13656
13656
13639
13631
13618
13610
13587
13578
13568
13568
13558
13522
13514
13512
13510
13502
13478
13475
13452
13448
13445
13444
13424
13418
13414
13414
13412
13411
13388
13367
13365
13363
13358
13319
13303
13294
13292
13292
13274
13255
13253
13243
13241
13241
13241
13236
13232
13218
13213
13208
13197
13196
13181
13181
13179
13177
13171
13170
13161
13151
13146
13134
13124
13119
13113
13109
13101
13088
13078
13076
13051
13036
13023
13019
13018
13017
13016
13006
13003
13002
12990
12979
12964
12956
12955
12944
12928
12927
12913
12908
12907
12905
12902
12896
12888
12887
12875
12873
12871
12870
12861
12853
12842
12828
12808
12792
12790
12789
12785
12780
12777
12773
12772
12769
12766
12761
12738
12729
12727
12708
12694
12681
12666
12652
12649
12643
12641
12632
12631
12626
12617
12606
12606
12594
12592
12588
12569
12561
12552
12548
12545
12530
12508
12499
12482
12482
12481
12478
12469
12464
12463
12434
12425
12420
12418
12412
12399
12384
12368
12368
12354
12338
12336
12320
12316
12308
12296
12271
12270
12268
12265
12259
12255
12254
12241
12235
12229
12226
12211
12210
12205
12201
12199
12198
12196
12193
12189
12175
12161
12128
12121
12117
12117
12114
12109
12086
12084
12082
12044
12041
12035
12027
12017
12012
12006
12000
11995
11979
11967
11946
11944
11935
11929
11927
11925
11923
11911
11892
11880
11878
11874
11856
11844
11827
11825
11822
11815
11809
11796
11792
11783
11754
11750
11739
11736
11724
11710
11686
11671
11662
11659
11656
11640
11639
11625
11621
11608
11601
11579
11570
11566
11557
11550
11534
11512
11494
11493
11492
11487
11471
11470
11436
11416
11366
11355
11337
11333
11300
11299
11298
11296
11278
11267
11250
11246
11240
11237
11202
11189
11182
11179
11161
11160
11160
11152
11142
11114
11104
11103
11099
11092
11089
11084
11070
11068
11057
11054
11040
11037
11025
11023
11011
10996
10994
10993
10941
10927
10924
10913
10905
10903
10896
10881
10876
10861
10827
10804
10803
10797
10778
10766
10761
10759
10748
10745
10734
10731
10728
10716
10716
10715
10712
10710
10704
10698
10695
10693
10686
10673
10661
10659
10632
10631
10627
10620
10611
10602
10594
10575
10573
10567
10559
10551
10521
10506
10500
10476
10450
10448
10441
10417
10412
10411
10350
10349
10349
10347
10346
10344
10324
10321
10295
10289
10288
10284
10268
10263
10252
10247
10244
10239
10235
10229
10228
10218
10216
10210
10209
10191
10182
10170
10168
10142
10129
10103
10092
10084
10057
10027
10012
10002
9995
9992
9980
9973
9957
9943
9939
9938
9933
9925
9903
9890
9880
9847
9844
9818
9811
9811
9803
9801
9790
9774
9764
9764
9747
9742
9724
9720
9715
9654
9648
9642
9630
9628
9621
9617
9614
9608
9593
9583
9580
9575
9572
9566
9564
9540
9526
9522
9494
9474
9473
9459
9456
9441
9415
9393
9386
9371
9360
9360
9332
9326
9317
9292
9270
9265
9261
9260
9243
9230
9226
9217
9201
9196
9181
9154
9149
9146
9145
9138
9102
9091
9091
9088
9069
9061
9054
9044
9043
9036
9036
9003
8989
8962
8924
8923
8901
8895
8885
8859
8855
8851
8850
8846
8829
8829
8820
8817
8805
8792
8787
8786
8781
8770
8749
8746
8716
8687
8683
8683
8659
8644
8615
8597
8593
8586
8581
8552
8548
8541
8523
8495
8487
8443
8442
8442
8437
8432
8413
8411
8409
8399
8387
8377
8373
8357
8340
8340
8323
8315
8311
8311
8302
8301
8294
8285
8275
8272
8262
8240
8230
8225
8194
8179
8178
8172
8157
8147
8123
8123
8095
8054
8053
8044
8041
8037
8034
8018
7990
7986
7976
7949
7948
7938
7919
7875
7854
7835
7826
7821
7819
7808
7801
7783
7772
7762
7760
7751
7751
7746
7738
7736
7730
7706
7678
7670
7668
7642
7626
7620
7608
7590
7583
7578
7575
7554
7548
7545
7528
7518
7493
7492
7491
7487
7486
7467
7449
7434
7432
7427
7406
7397
7392
7388
7384
7380
7370
7365
7364
7363
7344
7342
7335
7329
7299
7291
7290
7286
7283
7269
7268
7267
7265
7263
7261
7252
7248
7247
7242
7242
7236
7232
7212
7211
7210
7210
7197
7191
7178
7175
7164
7158
7143
7143
7137
7123
7106
7098
7092
7081
7072
7068
7062
7062
7062
7060
7043
7032
7030
7005
7003
6971
6959
6945
6935
6931
6929
6925
6925
6892
6887
6886
6884
6844
6808
6799
6799
6798
6789
6783
6776
6768
6761
6756
6748
6745
6719
6703
6660
6646
6633
6630
6614
6604
6603
6599
6597
6553
6533
6508
6499
6497
6491
6467
6464
6461
6456
6447
6444
6441
6437
6403
6402
6401
6400
6380
6352
6349
6336
6333
6332
6322
6307
6300
6277
6261
6260
6256
6247
6218
6212
6209
6193
6192
6189
6181
6180
6173
6143
6132
6123
6115
6106
6085
6043
6036
6027
6013
5998
5985
5969
5964
5961
5956
5937
5927
5918
5902
5900
5894
5881
5873
5871
5870
5852
5848
5837
5826
5797
5791
5784
5783
5775
5762
5758
5747
5742
5733
5731
5709
5702
5695
5670
5660
5658
5632
5617
5586
5568
5563
5560
5552
5544
5537
5522
5515
5514
5508
5498
5476
5460
5456
5453
5452
5448
5433
5429
5417
5391
5382
5348
5341
5333
5332
5319
5309
5293
5263
5250
5243
5240
5226
5203
5194
5187
5176
5173
5172
5156
5148
5146
5140
5139
5137
5133
5129
5128
5123
5118
5112
5096
5046
5033
5022
5006
4994
4993
4992
4963
4937
4921
4921
4908
4901
4890
4889
4885
4872
4866
4858
4836
4835
4823
4819
4816
4811
4803
4778
4747
4737
4734
4717
4711
4679
4648
4645
4643
4604
4595
4583
4571
4571
4564
4560
4543
4540
4537
4536
4524
4516
4507
4482
4475
4446
4442
4440
4435
4424
4413
4398
4393
4393
4377
4358
4352
4328
4273
4259
4242
4231
4211
4211
4208
4159
4153
4131
4125
4121
4117
4117
4115
4113
4113
4109
4063
4054
4042
4033
4020
4015
3993
3992
3986
3968
3956
3955
3955
3951
3949
3933
3921
3919
3910
3905
3881
3881
3880
3872
3863
3835
3823
3816
3812
3809
3809
3805
3801
3793
3789
3788
3787
3784
3763
3759
3750
3747
3744
3742
3738
3731
3731
3725
3719
3715
3714
3709
3700
3696
3683
3673
3665
3660
3654
3632
3625
3600
3593
3593
3592
3582
3578
3575
3559
3549
3534
3524
3519
3516
3502
3501
3496
3479
3476
3470
3448
3447
3399
3397
3391
3388
3385
3381
3377
3377
3375
3356
3356
3354
3351
3344
3342
3319
3309
3301
3284
3253
3235
3235
3231
3222
3207
3189
3165
3164
3164
3141
3139
3133
3130
3119
3117
3117
3103
3083
3076
3066
3057
3054
3054
3049
3047
3017
3016
2984
2978
2978
2973
2969
2962
2962
2954
2940
2935
2929
2928
2912
2898
2888
2873
2856
2856
2836
2824
2805
2799
2791
2787
2752
2750
2745
2719
2703
2699
2688
2673
2650
2647
2643
2625
2612
2607
2596
2593
2588
2579
2575
2575
2573
2562
2556
2556
2552
2552
2551
2537
2517
2515
2514
2508
2500
2484
2463
2454
2420
2415
2387
2376
2363
2362
2359
2348
2346
2338
2336
2319
2317
2314
2313
2301
2300
2299
2290
2287
2257
2256
2250
2239
2237
2234
2215
2205
2193
2189
2167
2155
2151
2149
2147
2143
2124
2115
2112
2111
2109
2092
2087
2077
2070
2066
2050
2043
2040
2023
1998
1989
1980
1974
1964
1963
1954
1950
1948
1930
1907
1902
1891
1882
1861
1858
1855
1837
1827
1800
1791
1791
1776
1764
1753
1742
1733
1707
1694
1644
1643
1632
1615
1608
1608
1606
1602
1591
1588
1568
1565
1551
1544
1526
1514
1511
1506
1502
1484
1476
1469
1460
1447
1444
1438
1417
1387
1382
1363
1359
1356
1344
1333
1310
1305
1304
1295
1293
1284
1265
1259
1245
1233
1228
1199
1188
1164
1147
1123
1118
1114
1109
1097
1093
1088
1087
1087
1082
1076
1072
1070
1065
1057
1054
1053
1021
1020
1016
1014
1011
1011
984
984
978
960
950
948
942
938
924
924
910
886
880
873
869
850
847
825
819
817
812
809
809
808
805
797
788
777
772
771
753
730
726
724
713
712
688
665
661
656
646
642
634
632
607
599
593
569
534
523
512
505
494
491
487
449
440
435
396
390
374
365
364
363
360
359
351
349
344
341
320
318
318
311
310
309
306
301
300
277
270
251
245
232
212
197
186
182
178
169
153
150
129
114
109
100
57
47
45
24
16
13
3
